164
Acharia_stimulea              0.0000000 0.0048497 0.0007965 0.0023986 0.0024004 0.0023986 0.0024006 0.0015999 0.0015997 0.0024043 0.0024006 0.0024004 0.0032239 0.0032239 0.0048712 0.0048678 0.0048576 0.0040296 0.0032223 0.0024007 0.0015971 0.0024007 0.0015971 0.0032075 0.0032075 0.0024007 0.0032102 0.0032128 0.0032075 0.0040211 0.0040177 0.0024025 0.0024007 0.0024081 0.0040370 0.0040302 0.0040302 0.0048462 0.0040367 0.0040428 0.0048760 0.0040336 0.0032270 0.0024081 0.0024007 0.0015971 0.0032175 0.0015971 0.0032093 0.0040211 0.0040211 0.0032093 0.0040330 0.0048613 0.0057049 0.0073833 0.0090684 0.0090977 0.0126303 0.0152469 0.0081876 0.0048717 0.0040330 0.0099620 0.0056883 0.0151807 0.0090604 0.0082195 0.0073597 0.0107966 0.0116136 0.0125097 0.0124690 0.0125080 0.0107872 0.0107966 0.0099453 0.0107952 0.0090604 0.0099453 0.0090895 0.0116863 0.0116514 0.0134375 0.0189316 0.0180302 0.0116055 0.0124977 0.0136344 0.0139985 0.0233925 0.0193611 0.0198288 0.0143374 0.0170856 0.0135097 0.0143844 0.0152626 0.0152626 0.0170453 0.0161445 0.0152626 0.0143844 0.0152764 0.0152764 0.0152626 0.0161737 0.0152764 0.0152884 0.0143844 0.0161737 0.0152764 0.0161737 0.0170607 0.0161590 0.0170607 0.0170607 0.0161590 0.0161737 0.0179678 0.0179678 0.0152764 0.0152764 0.0162112 0.0161883 0.0162658 0.0152764 0.0179956 0.0180091 0.0189860 0.0199230 0.0208552 0.0209245 0.0162406 0.0207621 0.0207621 0.0198551 0.0207621 0.0216896 0.0226080 0.0246368 0.0237317 0.0227828 0.0237922 0.0228593 0.0218948 0.0285844 0.0286830 0.0256014 0.0151234 0.0117333 0.0280195 0.0299853 0.0279191 0.0306311 0.0237700 0.0145860 0.0461169 0.0282028 0.0436775 0.0334014 0.2608196 0.0083352 2.9674184 
Alarodia_slossoniae           0.0048497 0.0000000 0.0034772 0.0023076 0.0028897 0.0028896 0.0034751 0.0040693 0.0040689 0.0052454 0.0035161 0.0029471 0.0034921 0.0040896 0.0046809 0.0040894 0.0040742 0.0040783 0.0023155 0.0017299 0.0028914 0.0028914 0.0023091 0.0017299 0.0023091 0.0023091 0.0023105 0.0023105 0.0023091 0.0023105 0.0028914 0.0023098 0.0023140 0.0028979 0.0040745 0.0028979 0.0023142 0.0034829 0.0034851 0.0040787 0.0034982 0.0028997 0.0034904 0.0029353 0.0017521 0.0029286 0.0040985 0.0023240 0.0023492 0.0029778 0.0023416 0.0052705 0.0032265 0.0070533 0.0064617 0.0064956 0.0083091 0.0064740 0.0095896 0.0120374 0.0088907 0.0046861 0.0052658 0.0101546 0.0064789 0.0114027 0.0107531 0.0101405 0.0101179 0.0120196 0.0113565 0.0126191 0.0113493 0.0113748 0.0101415 0.0120196 0.0114015 0.0089150 0.0113676 0.0138939 0.0101641 0.0114188 0.0138939 0.0120120 0.0158997 0.0152550 0.0119645 0.0108015 0.0115461 0.0130464 0.0190774 0.0171533 0.0205286 0.0144383 0.0157908 0.0145840 0.0158573 0.0145840 0.0158470 0.0158573 0.0152146 0.0152146 0.0145840 0.0165027 0.0165027 0.0152244 0.0165027 0.0158573 0.0158662 0.0152146 0.0165027 0.0164920 0.0171509 0.0171397 0.0164920 0.0171397 0.0171397 0.0164920 0.0165027 0.0177901 0.0177901 0.0158573 0.0165027 0.0165302 0.0171620 0.0172212 0.0158573 0.0178099 0.0178200 0.0178312 0.0191853 0.0205501 0.0205619 0.0172020 0.0198457 0.0204987 0.0198474 0.0205573 0.0205200 0.0224927 0.0219393 0.0226178 0.0219413 0.0226591 0.0219940 0.0213066 0.0260411 0.0254124 0.0232257 0.0192316 0.0120797 0.0262794 0.0276652 0.0282989 0.0275643 0.0267277 0.1171913 0.0470049 0.0295422 0.0354917 0.0286861 0.2388120 0.0102303 2.7345600 
Euclea_delphinii              0.0007965 0.0034772 0.0000000 0.0011463 0.0017222 0.0017222 0.0011470 0.0005732 0.0005732 0.0017230 0.0011604 0.0017562 0.0017295 0.0023147 0.0028975 0.0034865 0.0034712 0.0034771 0.0017268 0.0011471 0.0011471 0.0011471 0.0005721 0.0017233 0.0017233 0.0017233 0.0017243 0.0017232 0.0023012 0.0023025 0.0023012 0.0017233 0.0017269 0.0011496 0.0023090 0.0023063 0.0023063 0.0028869 0.0028869 0.0023114 0.0028996 0.0023076 0.0017307 0.0011643 0.0011617 0.0011617 0.0023225 0.0005758 0.0017526 0.0023695 0.0023336 0.0046599 0.0032199 0.0046708 0.0046604 0.0058726 0.0076734 0.0070768 0.0102100 0.0126654 0.0070439 0.0034905 0.0040676 0.0070723 0.0046725 0.0126480 0.0070672 0.0064684 0.0064543 0.0082942 0.0088655 0.0101009 0.0088600 0.0088795 0.0076685 0.0082942 0.0076901 0.0076725 0.0076677 0.0101234 0.0070834 0.0095278 0.0113484 0.0095136 0.0145720 0.0139348 0.0100842 0.0101453 0.0114990 0.0098094 0.0184206 0.0194447 0.0185646 0.0131319 0.0144713 0.0114244 0.0126733 0.0126652 0.0126652 0.0139222 0.0132883 0.0132883 0.0126652 0.0133053 0.0133053 0.0132968 0.0133053 0.0126733 0.0126802 0.0120439 0.0133053 0.0132968 0.0139401 0.0139311 0.0132968 0.0139311 0.0139311 0.0132968 0.0133053 0.0145681 0.0145681 0.0126733 0.0133053 0.0133271 0.0139491 0.0139963 0.0126733 0.0145840 0.0145921 0.0152676 0.0159203 0.0172517 0.0172614 0.0139810 0.0165273 0.0171668 0.0165288 0.0172149 0.0171841 0.0191173 0.0198566 0.0192213 0.0185608 0.0192558 0.0186045 0.0179353 0.0253211 0.0246939 0.0211798 0.0193055 0.0101735 0.0256134 0.0269958 0.0276293 0.0247058 0.0232353 0.1115946 0.0461820 0.0268275 0.0353649 0.0298615 0.2332092 0.0092923 2.7385379 
Hampsonella_arizana           0.0023986 0.0023076 0.0011463 0.0000000 0.0005716 0.0005713 0.0011450 0.0017249 0.0017248 0.0028820 0.0011584 0.0005828 0.0017285 0.0023132 0.0028959 0.0023138 0.0023060 0.0023069 0.0005730 0.0000010 0.0011451 0.0011451 0.0005717 0.0005717 0.0005717 0.0005717 0.0005720 0.0005717 0.0011451 0.0011457 0.0011451 0.0005720 0.0005729 0.0011476 0.0023048 0.0011476 0.0011476 0.0017240 0.0017260 0.0023072 0.0017314 0.0011483 0.0017276 0.0011622 0.0000010 0.0011596 0.0023182 0.0005753 0.0005816 0.0011789 0.0011611 0.0034801 0.0015993 0.0058525 0.0046546 0.0046758 0.0064616 0.0058690 0.0089649 0.0114034 0.0070398 0.0023158 0.0040601 0.0082812 0.0046639 0.0113878 0.0082651 0.0076633 0.0076465 0.0095021 0.0088603 0.0100950 0.0088547 0.0088743 0.0076640 0.0095021 0.0088948 0.0070743 0.0088688 0.0113417 0.0082842 0.0089081 0.0125731 0.0094961 0.0145448 0.0139168 0.0100715 0.0089135 0.0102381 0.0110697 0.0184099 0.0171195 0.0205508 0.0131239 0.0144625 0.0126578 0.0139140 0.0126578 0.0139051 0.0139140 0.0132805 0.0132805 0.0126578 0.0145502 0.0145502 0.0132890 0.0145502 0.0139140 0.0139220 0.0132805 0.0145502 0.0145408 0.0151891 0.0151793 0.0145408 0.0151793 0.0151793 0.0145408 0.0145502 0.0158204 0.0158204 0.0139140 0.0145502 0.0145742 0.0151989 0.0152507 0.0139140 0.0158378 0.0158469 0.0165295 0.0171870 0.0185294 0.0185398 0.0152339 0.0177950 0.0184378 0.0177964 0.0184900 0.0184568 0.0204001 0.0211493 0.0205117 0.0198469 0.0205486 0.0198938 0.0192195 0.0239359 0.0233107 0.0211675 0.0192877 0.0107750 0.0255642 0.0269435 0.0275758 0.0260366 0.0245512 0.1138030 0.0461502 0.0280595 0.0339656 0.0285187 0.2345529 0.0093014 2.7498773 
Parasa_lepida                 0.0024004 0.0028897 0.0017222 0.0005716 0.0000000 0.0000022 0.0017211 0.0023032 0.0023030 0.0034636 0.0017413 0.0011674 0.0023086 0.0028973 0.0034822 0.0028974 0.0028865 0.0028894 0.0011489 0.0005720 0.0005720 0.0017212 0.0011458 0.0011458 0.0011458 0.0000022 0.0011464 0.0011465 0.0017212 0.0017222 0.0017212 0.0011457 0.0011482 0.0017250 0.0028867 0.0017250 0.0017250 0.0023025 0.0023039 0.0028897 0.0023126 0.0017260 0.0023074 0.0017471 0.0005793 0.0005793 0.0029036 0.0011531 0.0011651 0.0017722 0.0017454 0.0040661 0.0015999 0.0064512 0.0052440 0.0052713 0.0058688 0.0064694 0.0095826 0.0120286 0.0076424 0.0029005 0.0046498 0.0088862 0.0052579 0.0107784 0.0088739 0.0082699 0.0082518 0.0101169 0.0094706 0.0107110 0.0094647 0.0094856 0.0082707 0.0101169 0.0095075 0.0070629 0.0094797 0.0119634 0.0088944 0.0095218 0.0131991 0.0101106 0.0139257 0.0132915 0.0106793 0.0095218 0.0108631 0.0117027 0.0190631 0.0171533 0.0205131 0.0137786 0.0151239 0.0132882 0.0145492 0.0132882 0.0145399 0.0145492 0.0139131 0.0126651 0.0120438 0.0151880 0.0151880 0.0139220 0.0151880 0.0145492 0.0145574 0.0139131 0.0151880 0.0151783 0.0158295 0.0158193 0.0151783 0.0158193 0.0158193 0.0151783 0.0151880 0.0164631 0.0164631 0.0145492 0.0151880 0.0152131 0.0158398 0.0158939 0.0145492 0.0164812 0.0164904 0.0171775 0.0178381 0.0191871 0.0191980 0.0158763 0.0184469 0.0190921 0.0184485 0.0191461 0.0191117 0.0210620 0.0218162 0.0211768 0.0205092 0.0212151 0.0205579 0.0198802 0.0246170 0.0239917 0.0218349 0.0193059 0.0113973 0.0262592 0.0276438 0.0282771 0.0267277 0.0252332 0.1148819 0.0469667 0.0293981 0.0353191 0.0298245 0.2311221 0.0093014 2.7498773 
Parasa_sinica                 0.0023986 0.0028896 0.0017222 0.0005713 0.0000022 0.0000000 0.0017201 0.0023025 0.0023022 0.0034637 0.0017402 0.0011675 0.0023081 0.0028959 0.0034803 0.0028973 0.0028866 0.0028880 0.0011488 0.0005717 0.0005717 0.0017201 0.0011451 0.0011451 0.0011451 0.0000010 0.0011457 0.0011464 0.0017201 0.0017212 0.0017201 0.0011458 0.0011475 0.0017240 0.0028853 0.0017240 0.0017240 0.0023020 0.0023049 0.0028882 0.0023121 0.0017250 0.0023069 0.0017460 0.0005789 0.0005789 0.0029021 0.0011524 0.0011652 0.0017710 0.0017442 0.0040663 0.0015993 0.0064474 0.0052443 0.0052682 0.0058654 0.0064656 0.0095771 0.0120217 0.0076379 0.0028991 0.0046471 0.0088861 0.0052548 0.0107723 0.0088688 0.0082651 0.0082470 0.0101111 0.0094651 0.0107048 0.0094591 0.0094801 0.0082659 0.0101111 0.0095021 0.0076753 0.0094742 0.0119565 0.0088893 0.0095163 0.0131914 0.0101047 0.0139178 0.0132917 0.0106798 0.0095221 0.0108570 0.0117028 0.0190522 0.0171195 0.0212057 0.0137703 0.0151149 0.0132805 0.0145408 0.0132805 0.0145315 0.0145408 0.0139051 0.0126578 0.0120368 0.0151793 0.0151793 0.0139140 0.0151793 0.0145408 0.0145492 0.0139051 0.0151793 0.0151695 0.0158204 0.0158102 0.0151695 0.0158102 0.0158102 0.0151695 0.0151793 0.0164536 0.0164536 0.0145408 0.0151793 0.0152044 0.0158307 0.0158848 0.0145408 0.0164717 0.0164812 0.0171676 0.0178278 0.0191761 0.0191869 0.0158672 0.0184364 0.0190811 0.0184378 0.0191352 0.0191008 0.0210498 0.0218043 0.0211653 0.0204981 0.0212035 0.0205467 0.0198696 0.0246031 0.0239773 0.0218230 0.0192877 0.0113908 0.0262437 0.0276274 0.0282603 0.0267122 0.0252189 0.1148819 0.0469351 0.0293643 0.0352792 0.0297915 0.2327077 0.0093014 2.7498773 
Parasa_pastoralis             0.0024006 0.0034751 0.0011470 0.0011450 0.0017211 0.0017201 0.0000000 0.0017260 0.0017258 0.0028837 0.0000010 0.0017550 0.0028912 0.0034824 0.0040689 0.0034843 0.0034714 0.0034728 0.0017269 0.0011457 0.0011457 0.0011457 0.0005720 0.0017212 0.0017212 0.0017212 0.0017222 0.0017233 0.0022983 0.0022997 0.0022983 0.0017222 0.0017248 0.0011483 0.0023062 0.0023034 0.0023034 0.0028836 0.0028869 0.0023085 0.0028962 0.0023048 0.0017286 0.0011629 0.0011603 0.0011603 0.0023196 0.0005757 0.0017515 0.0023665 0.0023306 0.0046570 0.0032147 0.0058561 0.0046575 0.0058660 0.0076641 0.0070684 0.0101976 0.0126499 0.0082428 0.0034862 0.0040626 0.0082864 0.0046668 0.0126325 0.0070588 0.0064609 0.0064468 0.0082842 0.0088547 0.0100886 0.0088492 0.0088688 0.0076593 0.0082842 0.0076809 0.0070699 0.0088743 0.0101111 0.0070750 0.0089025 0.0125811 0.0082790 0.0145541 0.0139257 0.0100778 0.0101388 0.0114850 0.0110769 0.0197092 0.0193611 0.0205644 0.0144282 0.0157798 0.0126659 0.0139230 0.0139140 0.0139140 0.0151793 0.0145408 0.0145408 0.0139140 0.0145596 0.0145596 0.0145502 0.0132890 0.0139230 0.0139310 0.0132890 0.0145596 0.0145502 0.0151989 0.0151891 0.0145502 0.0151891 0.0151891 0.0145502 0.0145596 0.0158307 0.0158307 0.0139230 0.0145596 0.0145836 0.0152087 0.0152606 0.0139230 0.0158480 0.0158571 0.0165402 0.0171983 0.0185416 0.0185520 0.0139638 0.0178067 0.0184499 0.0178080 0.0185021 0.0184689 0.0204135 0.0211633 0.0205253 0.0198600 0.0205623 0.0199070 0.0192322 0.0252891 0.0246623 0.0224954 0.0203536 0.0107819 0.0255816 0.0269619 0.0275946 0.0260542 0.0245677 0.1138676 0.0477572 0.0267619 0.0352792 0.0297915 0.2345777 0.0112257 2.7498773 
Monoleuca_semifascia          0.0015999 0.0040693 0.0005732 0.0017249 0.0023032 0.0023025 0.0017260 0.0000000 0.0011499 0.0023051 0.0017463 0.0023487 0.0023124 0.0029020 0.0034879 0.0040802 0.0040651 0.0040692 0.0023103 0.0017260 0.0017260 0.0017260 0.0011490 0.0023039 0.0023039 0.0023039 0.0023053 0.0023053 0.0028850 0.0028867 0.0028850 0.0023046 0.0023088 0.0017299 0.0028949 0.0028914 0.0017224 0.0022990 0.0034773 0.0017262 0.0034904 0.0028932 0.0023140 0.0017521 0.0017482 0.0017482 0.0029119 0.0011563 0.0023439 0.0029709 0.0029257 0.0052585 0.0040421 0.0052711 0.0052591 0.0052631 0.0082899 0.0076910 0.0108455 0.0120092 0.0076551 0.0040849 0.0046631 0.0076912 0.0040709 0.0132930 0.0076805 0.0070791 0.0070636 0.0089150 0.0094865 0.0107292 0.0094806 0.0095016 0.0082846 0.0076685 0.0083081 0.0082890 0.0082838 0.0107531 0.0076982 0.0101557 0.0119838 0.0101405 0.0152285 0.0145877 0.0107109 0.0107762 0.0108455 0.0104567 0.0190970 0.0193998 0.0192459 0.0138033 0.0151513 0.0120645 0.0133197 0.0133112 0.0133112 0.0145746 0.0139373 0.0139373 0.0133112 0.0139552 0.0139552 0.0139462 0.0139552 0.0133197 0.0133271 0.0126869 0.0139552 0.0139462 0.0145934 0.0145840 0.0139462 0.0145840 0.0145840 0.0139462 0.0139552 0.0152244 0.0152244 0.0133197 0.0139552 0.0139781 0.0146028 0.0146525 0.0133197 0.0152410 0.0152496 0.0159303 0.0165869 0.0179267 0.0179368 0.0146364 0.0171956 0.0178382 0.0171971 0.0178885 0.0178563 0.0197989 0.0205443 0.0199064 0.0192422 0.0199423 0.0192878 0.0186142 0.0260411 0.0254124 0.0218745 0.0204322 0.0108065 0.0263442 0.0277338 0.0283691 0.0254246 0.0239428 0.1129835 0.0452412 0.0267927 0.0353191 0.0298245 0.2369655 0.0102831 2.7528220 
Parasa_chloris                0.0015997 0.0040689 0.0005732 0.0017248 0.0023030 0.0023022 0.0017258 0.0011499 0.0000000 0.0023049 0.0017461 0.0023485 0.0023121 0.0029017 0.0034875 0.0040798 0.0040647 0.0040687 0.0011470 0.0017259 0.0017259 0.0017259 0.0011489 0.0023036 0.0023036 0.0023036 0.0023050 0.0023051 0.0028847 0.0028864 0.0028847 0.0023044 0.0023086 0.0017297 0.0028946 0.0028911 0.0028911 0.0034748 0.0034770 0.0028976 0.0034900 0.0028929 0.0023138 0.0017519 0.0017480 0.0017480 0.0029116 0.0011562 0.0023436 0.0029706 0.0029254 0.0052580 0.0040415 0.0052706 0.0052585 0.0064801 0.0082891 0.0076902 0.0108445 0.0133100 0.0076544 0.0040845 0.0046627 0.0076904 0.0052725 0.0132917 0.0076798 0.0070784 0.0070629 0.0089141 0.0094856 0.0107281 0.0094797 0.0095007 0.0082838 0.0089141 0.0083073 0.0082881 0.0082830 0.0107521 0.0076974 0.0101547 0.0119827 0.0101395 0.0139017 0.0132685 0.0107099 0.0107752 0.0121424 0.0104557 0.0190952 0.0193998 0.0192441 0.0138019 0.0151498 0.0113903 0.0126352 0.0126272 0.0126272 0.0138802 0.0132483 0.0132483 0.0126272 0.0132653 0.0132653 0.0132568 0.0132653 0.0126352 0.0126422 0.0120078 0.0132653 0.0132568 0.0138980 0.0138891 0.0132568 0.0138891 0.0138891 0.0132568 0.0132653 0.0145240 0.0145240 0.0126352 0.0132653 0.0132869 0.0139069 0.0139539 0.0126352 0.0145397 0.0145478 0.0152210 0.0158716 0.0171985 0.0172082 0.0139386 0.0164768 0.0171142 0.0164782 0.0171621 0.0171315 0.0190583 0.0197949 0.0191617 0.0185033 0.0191950 0.0185458 0.0178798 0.0252401 0.0246153 0.0211137 0.0204291 0.0108054 0.0255317 0.0269091 0.0275406 0.0246268 0.0239406 0.1129762 0.0470613 0.0267927 0.0353191 0.0298245 0.2369395 0.0102815 2.7243390 
Miresa_clarissa               0.0024043 0.0052454 0.0017230 0.0028820 0.0034636 0.0034637 0.0028837 0.0023051 0.0023049 0.0000000 0.0029176 0.0035322 0.0034786 0.0040735 0.0046625 0.0052595 0.0052360 0.0052450 0.0034730 0.0028838 0.0028838 0.0028838 0.0023038 0.0034659 0.0034659 0.0034659 0.0034680 0.0034656 0.0040496 0.0040520 0.0040496 0.0034658 0.0034733 0.0028902 0.0040635 0.0040586 0.0040586 0.0046453 0.0046450 0.0040677 0.0046658 0.0028885 0.0034810 0.0029274 0.0029208 0.0029208 0.0040874 0.0023186 0.0035250 0.0041705 0.0041069 0.0064436 0.0032196 0.0052613 0.0064442 0.0076783 0.0094979 0.0088965 0.0120811 0.0145576 0.0076512 0.0052645 0.0058430 0.0076726 0.0064607 0.0145375 0.0076766 0.0070754 0.0070599 0.0089105 0.0094817 0.0107237 0.0094758 0.0107159 0.0094918 0.0089105 0.0083039 0.0082848 0.0082796 0.0107477 0.0076943 0.0113790 0.0107477 0.0107409 0.0152007 0.0145614 0.0113103 0.0113730 0.0133919 0.0104513 0.0190866 0.0218132 0.0192362 0.0137958 0.0151430 0.0108059 0.0120506 0.0120429 0.0120429 0.0132957 0.0126641 0.0126641 0.0120429 0.0126803 0.0126803 0.0126722 0.0126803 0.0120506 0.0120571 0.0114235 0.0126803 0.0126722 0.0133128 0.0133042 0.0126722 0.0133042 0.0133042 0.0126722 0.0126803 0.0139389 0.0139389 0.0120506 0.0126803 0.0127010 0.0133213 0.0133663 0.0120506 0.0139540 0.0139617 0.0146334 0.0152835 0.0166088 0.0166181 0.0133517 0.0158898 0.0165273 0.0158912 0.0165735 0.0165438 0.0184711 0.0192052 0.0185714 0.0179133 0.0186046 0.0186029 0.0179337 0.0239801 0.0233542 0.0205240 0.0214885 0.0120373 0.0249323 0.0263101 0.0269429 0.0240335 0.0226012 0.1128188 0.0454623 0.0268231 0.0381128 0.0325122 0.2371624 0.0112146 2.7474675 
Parasa_consocia               0.0024006 0.0035161 0.0011604 0.0011584 0.0017413 0.0017402 0.0000010 0.0017463 0.0017461 0.0029176 0.0000000 0.0017550 0.0029253 0.0035236 0.0041171 0.0035256 0.0035124 0.0035138 0.0017472 0.0011591 0.0011591 0.0011591 0.0005787 0.0017413 0.0017413 0.0017413 0.0017424 0.0017434 0.0023252 0.0023267 0.0023252 0.0017424 0.0017450 0.0011617 0.0023333 0.0023305 0.0023305 0.0029175 0.0029209 0.0023357 0.0029304 0.0023319 0.0017490 0.0011629 0.0011603 0.0011603 0.0023319 0.0005787 0.0017515 0.0023665 0.0023306 0.0041170 0.0032147 0.0041110 0.0047128 0.0059362 0.0077563 0.0071533 0.0103224 0.0128052 0.0083417 0.0035276 0.0041107 0.0083864 0.0047223 0.0127874 0.0071435 0.0065383 0.0065238 0.0083842 0.0089613 0.0102107 0.0089557 0.0089757 0.0077513 0.0083842 0.0077735 0.0071548 0.0089814 0.0102337 0.0071601 0.0090103 0.0127347 0.0083789 0.0147340 0.0140976 0.0095852 0.0102621 0.0116266 0.0112160 0.0199563 0.0193611 0.0208254 0.0144282 0.0157798 0.0128216 0.0140948 0.0140856 0.0140856 0.0153671 0.0147204 0.0147204 0.0140856 0.0147396 0.0147396 0.0147300 0.0134527 0.0140948 0.0141030 0.0134527 0.0147396 0.0147300 0.0153872 0.0153771 0.0147300 0.0153771 0.0153771 0.0147300 0.0147396 0.0160271 0.0160271 0.0140948 0.0147396 0.0147642 0.0153973 0.0154505 0.0140948 0.0160449 0.0160542 0.0167467 0.0174135 0.0187750 0.0187858 0.0141366 0.0180294 0.0186810 0.0180308 0.0187346 0.0187005 0.0206706 0.0214316 0.0207853 0.0201110 0.0208232 0.0201593 0.0194752 0.0256145 0.0249797 0.0227815 0.0203536 0.0109014 0.0259147 0.0273141 0.0279549 0.0263911 0.0248826 0.1136147 0.0418331 0.0267619 0.0352792 0.0297915 0.2376265 0.0112257 2.7741958 
Tortricidia_pallida           0.0024004 0.0029471 0.0017562 0.0005828 0.0011674 0.0011675 0.0017550 0.0023487 0.0023485 0.0035322 0.0017550 0.0000000 0.0023543 0.0029550 0.0035516 0.0029551 0.0029437 0.0029467 0.0011715 0.0005832 0.0017551 0.0017551 0.0011683 0.0011683 0.0011683 0.0011683 0.0011690 0.0011690 0.0017551 0.0017562 0.0017551 0.0011682 0.0011708 0.0017590 0.0029440 0.0017590 0.0017590 0.0023480 0.0023495 0.0029470 0.0023585 0.0017601 0.0023531 0.0017590 0.0005832 0.0017551 0.0029421 0.0011683 0.0011682 0.0017760 0.0017562 0.0023485 0.0015999 0.0047431 0.0053490 0.0053774 0.0072067 0.0066002 0.0097801 0.0122777 0.0077969 0.0029583 0.0047427 0.0090672 0.0053634 0.0122605 0.0090545 0.0084379 0.0084190 0.0103241 0.0096634 0.0109303 0.0096572 0.0096791 0.0084388 0.0103241 0.0097019 0.0072058 0.0096729 0.0122097 0.0090758 0.0097167 0.0134717 0.0103175 0.0154999 0.0148471 0.0102763 0.0097168 0.0110889 0.0119510 0.0194672 0.0171533 0.0209528 0.0138111 0.0151600 0.0135646 0.0148530 0.0135646 0.0148433 0.0148530 0.0142030 0.0142030 0.0135646 0.0155059 0.0155059 0.0142123 0.0155059 0.0148530 0.0148615 0.0142030 0.0155059 0.0154957 0.0161616 0.0161509 0.0154957 0.0161509 0.0161509 0.0154957 0.0155059 0.0168089 0.0168089 0.0148530 0.0155059 0.0155321 0.0161723 0.0162287 0.0148530 0.0168278 0.0168375 0.0175407 0.0182163 0.0195965 0.0196079 0.0162104 0.0188378 0.0194974 0.0188395 0.0195538 0.0195178 0.0215118 0.0222852 0.0216317 0.0209487 0.0216717 0.0209996 0.0203061 0.0251530 0.0245142 0.0223046 0.0193059 0.0116196 0.0268396 0.0282572 0.0289042 0.0273145 0.0257823 0.1159307 0.0381387 0.0295372 0.0338403 0.0284156 0.2387226 0.0093014 2.7741958 
Altha_melanopsis              0.0032239 0.0034921 0.0017295 0.0017285 0.0023086 0.0023081 0.0028912 0.0023124 0.0023121 0.0034786 0.0029253 0.0023543 0.0000000 0.0005728 0.0011474 0.0017267 0.0028881 0.0028894 0.0023158 0.0017285 0.0028894 0.0028894 0.0023081 0.0023081 0.0023081 0.0023081 0.0023095 0.0023109 0.0028894 0.0023081 0.0028894 0.0023086 0.0023130 0.0028959 0.0040713 0.0028959 0.0028959 0.0034803 0.0034845 0.0040755 0.0034956 0.0028976 0.0034877 0.0029332 0.0017506 0.0029266 0.0040953 0.0023229 0.0023479 0.0023753 0.0023392 0.0052697 0.0040507 0.0064757 0.0064607 0.0064906 0.0083026 0.0077028 0.0108628 0.0133328 0.0076667 0.0040936 0.0058551 0.0089199 0.0064738 0.0133144 0.0089082 0.0083018 0.0082835 0.0101565 0.0095072 0.0107528 0.0095013 0.0095224 0.0083026 0.0101565 0.0095446 0.0089336 0.0095164 0.0120106 0.0083018 0.0101782 0.0126301 0.0113929 0.0165236 0.0158863 0.0119625 0.0107996 0.0121633 0.0117494 0.0184513 0.0171195 0.0212928 0.0138357 0.0151873 0.0133413 0.0146078 0.0133413 0.0145983 0.0146078 0.0139689 0.0139689 0.0133413 0.0152494 0.0152494 0.0139779 0.0152494 0.0146078 0.0146162 0.0139689 0.0152494 0.0152395 0.0158937 0.0158834 0.0152395 0.0158834 0.0158834 0.0152395 0.0152494 0.0165300 0.0165300 0.0146078 0.0152494 0.0152747 0.0159040 0.0159587 0.0146078 0.0165482 0.0165578 0.0172479 0.0179115 0.0192668 0.0192777 0.0159409 0.0185229 0.0191709 0.0185244 0.0192255 0.0191908 0.0211497 0.0212502 0.0212663 0.0205957 0.0213049 0.0206447 0.0199641 0.0261050 0.0254741 0.0219274 0.0205127 0.0114497 0.0270261 0.0284201 0.0290559 0.0261641 0.0253413 0.1155505 0.0462737 0.0280595 0.0339656 0.0285187 0.2326567 0.0103280 2.7308377 
Chalcocelis_albiguttatus      0.0032239 0.0040896 0.0023147 0.0023132 0.0028973 0.0028959 0.0034824 0.0029020 0.0029017 0.0040735 0.0035236 0.0029550 0.0005728 0.0000000 0.0017274 0.0023100 0.0028945 0.0034803 0.0029055 0.0023132 0.0034803 0.0034803 0.0028959 0.0028959 0.0028959 0.0028959 0.0028976 0.0028993 0.0034803 0.0028959 0.0034803 0.0023138 0.0029021 0.0034881 0.0046705 0.0034881 0.0034881 0.0040755 0.0040805 0.0046753 0.0040936 0.0034902 0.0040843 0.0035332 0.0023430 0.0035252 0.0046980 0.0029146 0.0029469 0.0029806 0.0029351 0.0058773 0.0040507 0.0070914 0.0070748 0.0071077 0.0089298 0.0083271 0.0115111 0.0126786 0.0076843 0.0046961 0.0064650 0.0095511 0.0064738 0.0139739 0.0095386 0.0089289 0.0089091 0.0107954 0.0101402 0.0113940 0.0101338 0.0101565 0.0089298 0.0107954 0.0101802 0.0095659 0.0101501 0.0126599 0.0089289 0.0108187 0.0132828 0.0120389 0.0172030 0.0165622 0.0119906 0.0114437 0.0128217 0.0124172 0.0191417 0.0171195 0.0220072 0.0131550 0.0158846 0.0140023 0.0152761 0.0140023 0.0152662 0.0152761 0.0146333 0.0146333 0.0140023 0.0159217 0.0159217 0.0146428 0.0159217 0.0152761 0.0152849 0.0146333 0.0159217 0.0159113 0.0165700 0.0165592 0.0159113 0.0165592 0.0165592 0.0159113 0.0159217 0.0172097 0.0172097 0.0152761 0.0159217 0.0159482 0.0165808 0.0166380 0.0152761 0.0172289 0.0172388 0.0179348 0.0186028 0.0199678 0.0199792 0.0166194 0.0192163 0.0198680 0.0192179 0.0199248 0.0198887 0.0218586 0.0219630 0.0219797 0.0213049 0.0220198 0.0213559 0.0206706 0.0268505 0.0262175 0.0226446 0.0205127 0.0120992 0.0277836 0.0291860 0.0298240 0.0269116 0.0254053 0.1141512 0.0471942 0.0295081 0.0354511 0.0299336 0.2348073 0.0103280 2.7450853 
Chalcoscelides_castaneipars   0.0048712 0.0046809 0.0028975 0.0028959 0.0034822 0.0034803 0.0040689 0.0034879 0.0034875 0.0046625 0.0041171 0.0035516 0.0011474 0.0017274 0.0000000 0.0028926 0.0040647 0.0040664 0.0034920 0.0028959 0.0040664 0.0040664 0.0034803 0.0034803 0.0034803 0.0034803 0.0034824 0.0034845 0.0040664 0.0034803 0.0040664 0.0034822 0.0034877 0.0040755 0.0052622 0.0040755 0.0040755 0.0046648 0.0046705 0.0052677 0.0046855 0.0040780 0.0046748 0.0041284 0.0029332 0.0041190 0.0052933 0.0035028 0.0035420 0.0035822 0.0035274 0.0064748 0.0057128 0.0076939 0.0076759 0.0077117 0.0095395 0.0089354 0.0121355 0.0146239 0.0088932 0.0052911 0.0070633 0.0101634 0.0076916 0.0146036 0.0101501 0.0095386 0.0095174 0.0114124 0.0107528 0.0120117 0.0107460 0.0107701 0.0095395 0.0114124 0.0107954 0.0101792 0.0107633 0.0132828 0.0095386 0.0114371 0.0139075 0.0126599 0.0178444 0.0172016 0.0132292 0.0120643 0.0134530 0.0130574 0.0197890 0.0171195 0.0226706 0.0151786 0.0165461 0.0146333 0.0159113 0.0146333 0.0159010 0.0159113 0.0152662 0.0152662 0.0146333 0.0165592 0.0165592 0.0152761 0.0165592 0.0159113 0.0159205 0.0152662 0.0165592 0.0165484 0.0172097 0.0171985 0.0165484 0.0171985 0.0171985 0.0165484 0.0165592 0.0178514 0.0178514 0.0159113 0.0165592 0.0165869 0.0172210 0.0172806 0.0159113 0.0178713 0.0178816 0.0185815 0.0192522 0.0206233 0.0206351 0.0172612 0.0198663 0.0205199 0.0198680 0.0205788 0.0205414 0.0225172 0.0226250 0.0226423 0.0219650 0.0226836 0.0220178 0.0213296 0.0275318 0.0268981 0.0233091 0.0227710 0.0127235 0.0284737 0.0298806 0.0305193 0.0275947 0.0267571 0.1180625 0.0479862 0.0280595 0.0339656 0.0285187 0.2366706 0.0123097 2.7268849 
Phobetron_pithecium           0.0048678 0.0040894 0.0034865 0.0023138 0.0028974 0.0028973 0.0034843 0.0040802 0.0040798 0.0052595 0.0035256 0.0029551 0.0017267 0.0023100 0.0028926 0.0000000 0.0023086 0.0034822 0.0029054 0.0023138 0.0034822 0.0034822 0.0028973 0.0028973 0.0028973 0.0028973 0.0028991 0.0028991 0.0034822 0.0028973 0.0034822 0.0028974 0.0029035 0.0034900 0.0046732 0.0034900 0.0034900 0.0040779 0.0040805 0.0046780 0.0040959 0.0034921 0.0040867 0.0035352 0.0023435 0.0035272 0.0047008 0.0029161 0.0029470 0.0029821 0.0029366 0.0058771 0.0040536 0.0083134 0.0070745 0.0071118 0.0089349 0.0083318 0.0115176 0.0127286 0.0095178 0.0046988 0.0052734 0.0107912 0.0052774 0.0139819 0.0107831 0.0101687 0.0101460 0.0120535 0.0113883 0.0126547 0.0113810 0.0114066 0.0101697 0.0120535 0.0114335 0.0089396 0.0113994 0.0139334 0.0101687 0.0102014 0.0145611 0.0120458 0.0172129 0.0165621 0.0126087 0.0101612 0.0128290 0.0137197 0.0204761 0.0171533 0.0226593 0.0158667 0.0172432 0.0152949 0.0165795 0.0152949 0.0165687 0.0165795 0.0159308 0.0159308 0.0152949 0.0172309 0.0172309 0.0159412 0.0172309 0.0165795 0.0165889 0.0159308 0.0172309 0.0172197 0.0178851 0.0178734 0.0172197 0.0178734 0.0178734 0.0172197 0.0172309 0.0185299 0.0185299 0.0165795 0.0172309 0.0172599 0.0178969 0.0179590 0.0165795 0.0185506 0.0185612 0.0192659 0.0199407 0.0213209 0.0213332 0.0179388 0.0205573 0.0212134 0.0205581 0.0212753 0.0212365 0.0232215 0.0233335 0.0233513 0.0226702 0.0233942 0.0227250 0.0220324 0.0268663 0.0262332 0.0240214 0.0227489 0.0127389 0.0278002 0.0292035 0.0298420 0.0283352 0.0274893 0.1181919 0.0488857 0.0295422 0.0341687 0.0286861 0.2313925 0.0122888 2.7450853 
Isochaetes_beutenmuelleri     0.0048576 0.0040742 0.0034712 0.0023060 0.0028865 0.0028866 0.0034714 0.0040651 0.0040647 0.0052360 0.0035124 0.0029437 0.0028881 0.0028945 0.0040647 0.0023086 0.0000000 0.0023060 0.0028928 0.0023060 0.0034693 0.0034693 0.0028866 0.0028866 0.0028866 0.0028866 0.0028884 0.0028866 0.0034693 0.0028866 0.0034693 0.0017269 0.0028928 0.0034771 0.0046556 0.0034771 0.0034771 0.0040627 0.0040624 0.0046604 0.0040805 0.0034792 0.0040714 0.0035220 0.0023356 0.0035140 0.0046830 0.0029052 0.0029358 0.0029708 0.0029256 0.0058550 0.0040452 0.0082812 0.0070478 0.0070842 0.0089002 0.0082995 0.0114719 0.0120559 0.0082709 0.0046810 0.0058453 0.0107416 0.0052694 0.0139259 0.0107409 0.0101289 0.0101064 0.0120058 0.0113435 0.0126046 0.0113364 0.0113618 0.0101299 0.0120058 0.0113884 0.0089049 0.0113546 0.0138778 0.0101289 0.0101614 0.0145028 0.0119982 0.0171428 0.0164950 0.0113294 0.0113986 0.0127775 0.0136634 0.0203924 0.0171930 0.0225645 0.0151445 0.0171703 0.0152331 0.0165121 0.0152331 0.0165014 0.0165121 0.0158663 0.0158663 0.0152331 0.0171607 0.0171607 0.0158766 0.0171607 0.0165121 0.0165214 0.0158663 0.0171607 0.0171495 0.0178120 0.0178003 0.0171495 0.0178003 0.0178003 0.0171495 0.0171607 0.0184539 0.0184539 0.0165121 0.0171607 0.0171894 0.0178236 0.0178852 0.0165121 0.0184745 0.0184849 0.0191871 0.0198588 0.0212323 0.0212445 0.0178652 0.0204720 0.0211260 0.0204738 0.0211865 0.0211480 0.0231248 0.0232355 0.0232531 0.0225753 0.0232956 0.0226294 0.0219403 0.0267511 0.0261206 0.0239202 0.0226852 0.0126881 0.0276787 0.0290754 0.0297110 0.0282117 0.0260192 0.1175415 0.0486493 0.0294365 0.0353649 0.0298615 0.2313367 0.0122454 2.7308377 
Vipsophobetron_marisa         0.0040296 0.0040783 0.0034771 0.0023069 0.0028894 0.0028880 0.0034728 0.0040692 0.0040687 0.0052450 0.0035138 0.0029467 0.0028894 0.0034803 0.0040664 0.0034822 0.0023060 0.0000000 0.0028975 0.0023069 0.0034707 0.0034707 0.0028880 0.0028880 0.0028880 0.0028880 0.0028897 0.0028913 0.0034707 0.0028880 0.0034707 0.0028894 0.0028941 0.0034785 0.0046576 0.0034785 0.0034785 0.0040643 0.0040693 0.0046624 0.0040822 0.0034806 0.0040731 0.0035234 0.0023365 0.0035154 0.0046850 0.0029066 0.0029387 0.0029722 0.0029269 0.0058610 0.0032215 0.0082851 0.0070550 0.0070877 0.0089044 0.0083035 0.0114776 0.0139523 0.0094853 0.0046830 0.0052358 0.0107602 0.0070693 0.0139330 0.0107460 0.0101338 0.0101112 0.0120117 0.0113490 0.0126108 0.0113418 0.0113673 0.0101348 0.0120117 0.0113940 0.0095386 0.0113601 0.0138848 0.0101338 0.0114113 0.0132612 0.0120041 0.0171519 0.0165131 0.0125727 0.0114107 0.0127841 0.0136785 0.0204035 0.0171195 0.0232955 0.0158086 0.0171797 0.0152410 0.0165208 0.0152410 0.0165100 0.0165208 0.0158746 0.0158746 0.0152410 0.0171697 0.0171697 0.0158849 0.0171697 0.0165208 0.0165303 0.0158746 0.0171697 0.0158849 0.0178214 0.0178098 0.0171585 0.0178098 0.0178098 0.0171585 0.0171697 0.0184638 0.0184638 0.0165208 0.0171697 0.0171985 0.0178331 0.0178949 0.0165208 0.0184844 0.0184951 0.0191976 0.0198697 0.0212441 0.0212563 0.0178748 0.0204833 0.0211377 0.0204850 0.0211983 0.0211598 0.0231378 0.0232486 0.0232663 0.0225880 0.0233088 0.0226423 0.0219526 0.0267667 0.0261355 0.0239338 0.0215319 0.0126945 0.0276958 0.0290934 0.0297294 0.0282293 0.0267099 0.1167116 0.0486819 0.0308270 0.0367786 0.0312197 0.2366706 0.0112654 2.7320241 
Apoda_biguttata               0.0032223 0.0023155 0.0017268 0.0005730 0.0011489 0.0011488 0.0017269 0.0023103 0.0011470 0.0034730 0.0017472 0.0011715 0.0023158 0.0029055 0.0034920 0.0029054 0.0028928 0.0028975 0.0000000 0.0005730 0.0017259 0.0017259 0.0011488 0.0011488 0.0011488 0.0011488 0.0011495 0.0011488 0.0017259 0.0017269 0.0017259 0.0011489 0.0011512 0.0017297 0.0028948 0.0017297 0.0017297 0.0023098 0.0023096 0.0028978 0.0023198 0.0017307 0.0023147 0.0017519 0.0005802 0.0017480 0.0029118 0.0011562 0.0011684 0.0017771 0.0017501 0.0040776 0.0024150 0.0064732 0.0052589 0.0052852 0.0070835 0.0064874 0.0096102 0.0120636 0.0076638 0.0029105 0.0046628 0.0089055 0.0052716 0.0120471 0.0089049 0.0082987 0.0082804 0.0101525 0.0095037 0.0107487 0.0094977 0.0095188 0.0082995 0.0101525 0.0095409 0.0070872 0.0095128 0.0120058 0.0082987 0.0095552 0.0126250 0.0101461 0.0139018 0.0132689 0.0107104 0.0095494 0.0108948 0.0117377 0.0184431 0.0171930 0.0205764 0.0138298 0.0151806 0.0126516 0.0139072 0.0126516 0.0138982 0.0139072 0.0132740 0.0132740 0.0126516 0.0145430 0.0145430 0.0132825 0.0145430 0.0139072 0.0139148 0.0132740 0.0145430 0.0145336 0.0151814 0.0151717 0.0145336 0.0151717 0.0151717 0.0145336 0.0145430 0.0158124 0.0158124 0.0139072 0.0145430 0.0145669 0.0151912 0.0152429 0.0139072 0.0158297 0.0158385 0.0165209 0.0171780 0.0185195 0.0185299 0.0152262 0.0177855 0.0184281 0.0177871 0.0184799 0.0184468 0.0203891 0.0204850 0.0205005 0.0198361 0.0205373 0.0198830 0.0192091 0.0239224 0.0232980 0.0211558 0.0204969 0.0108194 0.0248095 0.0261796 0.0268093 0.0253484 0.0253290 0.1152981 0.0462466 0.0281284 0.0340479 0.0285865 0.2337371 0.0103021 2.7421542 
Belippa_horrida               0.0024007 0.0017299 0.0011471 0.0000010 0.0005720 0.0005717 0.0011457 0.0017260 0.0017259 0.0028838 0.0011591 0.0005832 0.0017285 0.0023132 0.0028959 0.0023138 0.0023060 0.0023069 0.0005730 0.0000000 0.0011451 0.0011451 0.0005717 0.0005717 0.0005717 0.0005717 0.0005720 0.0005717 0.0011451 0.0011457 0.0011451 0.0005720 0.0005729 0.0011476 0.0023048 0.0011476 0.0011476 0.0017240 0.0017260 0.0023072 0.0017314 0.0011483 0.0017276 0.0011622 0.0000010 0.0011596 0.0023182 0.0005753 0.0005816 0.0011789 0.0011611 0.0034801 0.0015993 0.0058562 0.0046546 0.0046758 0.0064616 0.0058690 0.0089649 0.0114034 0.0070398 0.0023172 0.0040601 0.0082812 0.0046639 0.0113878 0.0082704 0.0076682 0.0076513 0.0095082 0.0088659 0.0101015 0.0088604 0.0088800 0.0076689 0.0095082 0.0089005 0.0070788 0.0088744 0.0113490 0.0076682 0.0089138 0.0119642 0.0095022 0.0145448 0.0139168 0.0100715 0.0089135 0.0102381 0.0110697 0.0177383 0.0171195 0.0205508 0.0131327 0.0144723 0.0126660 0.0139231 0.0126660 0.0139141 0.0139231 0.0132892 0.0132892 0.0126660 0.0145597 0.0145597 0.0132977 0.0145597 0.0139231 0.0139311 0.0132892 0.0145597 0.0145503 0.0151990 0.0151892 0.0145503 0.0151892 0.0151892 0.0145503 0.0145597 0.0158308 0.0158308 0.0139231 0.0145597 0.0145837 0.0152088 0.0152607 0.0139231 0.0158481 0.0158573 0.0165404 0.0171984 0.0185417 0.0185521 0.0152439 0.0178068 0.0184500 0.0178081 0.0185023 0.0184690 0.0204136 0.0205099 0.0205254 0.0198601 0.0205623 0.0199071 0.0192323 0.0239520 0.0233264 0.0211816 0.0193088 0.0101677 0.0248407 0.0262128 0.0268433 0.0253801 0.0245677 0.1139015 0.0452740 0.0280595 0.0339656 0.0285187 0.2348073 0.0093108 2.7564585 
Caiella_pygmy                 0.0015971 0.0028914 0.0011471 0.0011451 0.0005720 0.0005717 0.0011457 0.0017260 0.0017259 0.0028838 0.0011591 0.0017551 0.0028894 0.0034803 0.0040664 0.0034822 0.0034693 0.0034707 0.0017259 0.0011451 0.0000000 0.0011451 0.0005717 0.0017201 0.0017201 0.0005717 0.0017212 0.0017222 0.0022969 0.0022983 0.0022969 0.0017212 0.0017238 0.0011476 0.0023048 0.0023020 0.0023020 0.0028818 0.0028852 0.0023072 0.0028944 0.0023034 0.0017276 0.0011622 0.0011596 0.0000010 0.0023182 0.0005753 0.0017504 0.0023650 0.0023292 0.0046541 0.0024040 0.0058562 0.0046546 0.0058623 0.0064616 0.0070640 0.0101912 0.0126418 0.0082377 0.0034863 0.0040601 0.0082812 0.0046639 0.0113878 0.0082704 0.0076682 0.0076513 0.0095082 0.0100781 0.0113236 0.0100717 0.0100941 0.0088753 0.0095082 0.0089005 0.0082835 0.0088744 0.0113490 0.0076682 0.0101328 0.0119642 0.0095022 0.0132926 0.0126684 0.0100715 0.0101324 0.0114776 0.0110697 0.0190185 0.0193611 0.0205508 0.0144284 0.0157800 0.0126660 0.0139231 0.0139141 0.0139141 0.0151794 0.0145410 0.0132892 0.0126660 0.0145597 0.0145597 0.0145503 0.0145597 0.0139231 0.0139311 0.0132892 0.0145597 0.0145503 0.0151990 0.0151892 0.0145503 0.0151892 0.0151892 0.0145503 0.0145597 0.0158308 0.0158308 0.0139231 0.0145597 0.0145837 0.0152088 0.0152607 0.0139231 0.0158481 0.0158573 0.0165404 0.0171984 0.0185417 0.0185521 0.0152439 0.0178068 0.0184500 0.0178081 0.0185023 0.0184690 0.0204136 0.0205099 0.0205254 0.0198601 0.0205623 0.0199071 0.0192323 0.0252892 0.0246623 0.0224955 0.0203759 0.0101677 0.0248407 0.0262128 0.0268433 0.0253801 0.0245677 0.1139015 0.0468379 0.0280595 0.0365997 0.0310711 0.2348073 0.0102662 2.7564585 
Calcarifera_ordinata          0.0024007 0.0028914 0.0011471 0.0011451 0.0017212 0.0017201 0.0011457 0.0017260 0.0017259 0.0028838 0.0011591 0.0017551 0.0028894 0.0034803 0.0040664 0.0034822 0.0034693 0.0034707 0.0017259 0.0011451 0.0011451 0.0000000 0.0005717 0.0017201 0.0005717 0.0017201 0.0017212 0.0005717 0.0022969 0.0022983 0.0022969 0.0017212 0.0017238 0.0011476 0.0023048 0.0011476 0.0023020 0.0028818 0.0017260 0.0023072 0.0028944 0.0023034 0.0017276 0.0011622 0.0011596 0.0011596 0.0023182 0.0005753 0.0017504 0.0011789 0.0023292 0.0034801 0.0032120 0.0058562 0.0034804 0.0046758 0.0064616 0.0058690 0.0089649 0.0114034 0.0070398 0.0034863 0.0040601 0.0076781 0.0046639 0.0113878 0.0070677 0.0064690 0.0064549 0.0082947 0.0088659 0.0101015 0.0088604 0.0088800 0.0076689 0.0082947 0.0076906 0.0070788 0.0076682 0.0101240 0.0064690 0.0089138 0.0107356 0.0082895 0.0132926 0.0126684 0.0100715 0.0101324 0.0114776 0.0098092 0.0177383 0.0171195 0.0192467 0.0131327 0.0144723 0.0114251 0.0126741 0.0126660 0.0126660 0.0139231 0.0132892 0.0132892 0.0126660 0.0133062 0.0133062 0.0132977 0.0133062 0.0126741 0.0126814 0.0120446 0.0133062 0.0132977 0.0139410 0.0139321 0.0132977 0.0139321 0.0139321 0.0132977 0.0133062 0.0145691 0.0145691 0.0126741 0.0133062 0.0133280 0.0139500 0.0139973 0.0126741 0.0145850 0.0145934 0.0152688 0.0159216 0.0172531 0.0172628 0.0139820 0.0165288 0.0171681 0.0165300 0.0172166 0.0171857 0.0191188 0.0192085 0.0192229 0.0185623 0.0192574 0.0186061 0.0179368 0.0239520 0.0233264 0.0211816 0.0193088 0.0089444 0.0248407 0.0262128 0.0254868 0.0240377 0.0232373 0.1117557 0.0468379 0.0267619 0.0365997 0.0310711 0.2366706 0.0093108 2.7462896 
Doratifera_quadriguttata      0.0015971 0.0023091 0.0005721 0.0005717 0.0011458 0.0011451 0.0005720 0.0011490 0.0011489 0.0023038 0.0005787 0.0011683 0.0023081 0.0028959 0.0034803 0.0028973 0.0028866 0.0028880 0.0011488 0.0005717 0.0005717 0.0005717 0.0000000 0.0011451 0.0011451 0.0011451 0.0011457 0.0011464 0.0017201 0.0017212 0.0017201 0.0011458 0.0011475 0.0005729 0.0017260 0.0017240 0.0017240 0.0023020 0.0023049 0.0017278 0.0023121 0.0017250 0.0011500 0.0005802 0.0005789 0.0005789 0.0017361 0.0000010 0.0011652 0.0017710 0.0017442 0.0040663 0.0024040 0.0052627 0.0040667 0.0052682 0.0070596 0.0064656 0.0095771 0.0120217 0.0076379 0.0029009 0.0034749 0.0076781 0.0040748 0.0120053 0.0076682 0.0070677 0.0070522 0.0089005 0.0094711 0.0107116 0.0094652 0.0094862 0.0082712 0.0089005 0.0082947 0.0076803 0.0082704 0.0107356 0.0070677 0.0095224 0.0113490 0.0088950 0.0139178 0.0132917 0.0094650 0.0095221 0.0108570 0.0104385 0.0183775 0.0193611 0.0198978 0.0137796 0.0151251 0.0120446 0.0132977 0.0132892 0.0132892 0.0145503 0.0139141 0.0139141 0.0132892 0.0139321 0.0139321 0.0139231 0.0139321 0.0132977 0.0133054 0.0126660 0.0139321 0.0139231 0.0145691 0.0145597 0.0139231 0.0145597 0.0145597 0.0139231 0.0139321 0.0151990 0.0151990 0.0132977 0.0139321 0.0139549 0.0145785 0.0146281 0.0132977 0.0152156 0.0152244 0.0159036 0.0165590 0.0178964 0.0179065 0.0146120 0.0171668 0.0178081 0.0171681 0.0178585 0.0178264 0.0197652 0.0198582 0.0198732 0.0192103 0.0199089 0.0192556 0.0185836 0.0246197 0.0239934 0.0218376 0.0203759 0.0095551 0.0241665 0.0255342 0.0261641 0.0247080 0.0239016 0.1128262 0.0460548 0.0267619 0.0352792 0.0297915 0.2366706 0.0102662 2.7564585 
