178
Acharia_stimulea              0.0000000 0.0192394 0.0090737 0.0108251 0.0116455 0.0125497 0.0183147 0.0048468 0.0032117 0.0048643 0.0032163 0.0048693 0.0040350 0.0023959 0.0040224 0.0057153 0.0245958 0.0015936 0.0023964 0.0108092 0.0024073 0.0040131 0.0032117 0.0048748 0.0073675 0.0368631 0.0368631 0.0391541 0.0100092 0.0347598 0.0146480 0.0032025 0.0048487 0.0015936 0.0240230 8.9999990 0.0135702 0.0125293 0.0007941 0.0040172 0.0091259 0.0024073 0.0347598 0.0347598 0.0347598 0.0032025 0.0127293 0.0023935 0.0188679 0.0152994 0.0032076 0.0048446 0.0048450 0.0082300 0.0507000 0.0032171 0.0553164 0.0082082 0.0074120 0.0136909 0.0023995 0.0032344 0.0015992 0.0023959 0.0040172 0.0032035 0.0032043 0.0040378 0.0125666 0.0090894 0.0090822 0.0163882 0.0057033 0.0040500 0.0140467 0.0015963 0.0023965 0.0023955 0.0023965 0.0015936 0.0023935 0.0116493 0.0125191 0.0154371 0.0048552 0.0032025 0.0162941 0.0145548 0.0040208 0.0116837 0.0023959 0.0040172 0.0162714 0.0108390 0.0099823 0.0015936 0.0032058 0.0245200 0.0040314 0.0135356 0.0040401 0.0023979 0.0040314 0.0411898 0.0358339 0.0108000 0.0360934 0.0116937 0.0023955 0.0048808 0.0023959 0.0040164 0.0153582 0.0243412 0.0163344 0.0211949 0.0144516 0.0144516 0.0153582 0.0278958 0.0180750 0.0231029 0.0233502 0.0222555 0.0162714 0.0277667 0.0162487 0.0171671 0.0250224 0.0210519 0.0192441 0.0153582 0.0153582 0.0153557 0.0211949 0.0162714 0.0280198 0.0153582 0.0153370 0.0180900 0.0243491 0.0099823 0.0171643 0.0224024 0.0245023 0.0162714 0.0162714 0.0307830 0.0173818 0.0153370 0.0171671 0.0305125 0.0224024 0.0171432 0.0202651 0.0162262 0.0153716 0.0171470 0.0153370 0.0153582 0.0211949 0.0256698 0.0153370 0.0144516 0.0180922 0.0180922 0.0211299 0.0090892 0.0064422 0.1247318 0.1219307 0.3104568 0.0128289 0.0391648 0.0156730 0.0144542 0.0459776 0.0348533 
Acraga_melinda                0.0192394 0.0000000 0.0180153 0.0192985 0.0199652 0.0199193 0.0005695 0.0160415 0.0166732 0.0180424 0.0140263 0.0167210 0.0147208 0.0146810 0.0153670 0.0120536 0.0260716 0.0134127 0.0134127 0.0179054 0.0147355 0.0159626 0.0173406 0.0180695 0.0186252 0.0369282 0.0400467 0.0387852 0.0140861 0.0340225 0.1276108 0.0153207 0.0166634 0.0140458 0.0286440 9.0000000 0.0223334 0.0186591 0.0147132 0.0151605 0.0159377 0.0149460 0.0340225 0.0340225 0.0340225 0.0140458 0.0187470 0.0146810 0.0254381 0.0166273 0.0140627 0.0173017 0.0166564 0.0186708 0.0597026 0.0154601 0.0463603 0.0159761 0.0134033 0.0250955 0.0153469 0.0154402 0.0153998 0.0148899 0.0162164 0.0156152 0.0174910 0.0153937 0.0187018 0.0186034 0.0127304 0.0252693 0.0188070 0.0160769 0.0178380 0.0140314 0.0148879 0.0140539 0.0146956 0.0136030 0.0140458 0.0212582 0.0214575 0.0220847 0.0173957 0.0159626 0.0251576 0.0187348 0.0182589 0.0186729 0.0140458 0.0159759 0.0244223 0.0193790 0.0187225 0.0141469 0.0140336 0.0345919 0.0140600 0.0166162 0.0160472 0.0153297 0.0160195 0.0353969 0.0332626 0.0193271 0.0349609 0.0213753 0.0156854 0.0174799 0.0153546 0.0173253 0.0237146 0.0289989 0.0244938 0.0258788 0.0237118 0.0230098 0.0223128 0.0326145 0.0243812 0.0272786 0.0282611 0.0265410 0.0244223 0.0353253 0.0243964 0.0251069 0.0303295 0.0290063 0.0267692 0.0244194 0.0230098 0.0244166 0.0267439 0.0230125 0.0327552 0.0243964 0.0236896 0.0243971 0.0290063 0.0214490 0.0251040 0.0282787 0.0336185 0.0251308 0.0244223 0.0385358 0.0246298 0.0230098 0.0236924 0.0345878 0.0282787 0.0250802 0.0266667 0.0243705 0.0237301 0.0250842 0.0236896 0.0237146 0.0265814 0.0299811 0.0243935 0.0223334 0.0258213 0.0243992 0.0288884 0.0186708 0.0196004 0.1021545 0.2447695 0.2959149 0.0188215 0.0321257 0.0204103 0.0305779 0.0505234 0.0392464 
Adscita_geryon                0.0090737 0.0180153 0.0000000 0.0022939 0.0040329 0.0052153 0.0173601 0.0107629 0.0088832 0.0120456 0.0088922 0.0088815 0.0095101 0.0082577 0.0113748 0.0082327 0.0171309 0.0082591 0.0070547 0.0052136 0.0082870 0.0094715 0.0095017 0.0101552 0.0017160 0.0316773 0.0346917 0.0334331 0.0101543 0.0280560 0.1159617 0.0088635 0.0101144 0.0076552 0.0221905 8.9999982 0.0114987 0.0052279 0.0070520 0.0085178 0.0082569 0.0084013 0.0280560 0.0280560 0.0280560 0.0076552 0.0101742 0.0082517 0.0170981 0.0138616 0.0076641 0.0107221 0.0101094 0.0005688 0.0531139 0.0083381 0.0417792 0.0082473 0.0082778 0.0188373 0.0076622 0.0089293 0.0076751 0.0083712 0.0096168 0.0090285 0.0108346 0.0089040 0.0052155 0.0064158 0.0100884 0.0141237 0.0120805 0.0095362 0.0123960 0.0076650 0.0071325 0.0088626 0.0070439 0.0083726 0.0088571 0.0165375 0.0166882 0.0139534 0.0107773 0.0094715 0.0140663 0.0139741 0.0116593 0.0107069 0.0088635 0.0094790 0.0121256 0.0022960 0.0017192 0.0077086 0.0088705 0.0216766 0.0082870 0.0106958 0.0095192 0.0088690 0.0095038 0.0309835 0.0287852 0.0022902 0.0289295 0.0070002 0.0090605 0.0108194 0.0088818 0.0107359 0.0127641 0.0217860 0.0134442 0.0175776 0.0127625 0.0121241 0.0127641 0.0249780 0.0146797 0.0202749 0.0210874 0.0183204 0.0134073 0.0253777 0.0133941 0.0140401 0.0208197 0.0174859 0.0154675 0.0134058 0.0134058 0.0134042 0.0176676 0.0134073 0.0236671 0.0133941 0.0127515 0.0146883 0.0203905 0.0052389 0.0127515 0.0196432 0.0238496 0.0140523 0.0134073 0.0274664 0.0141154 0.0133832 0.0140401 0.0238068 0.0196432 0.0140262 0.0175837 0.0133810 0.0127713 0.0140285 0.0127515 0.0127641 0.0182428 0.0213252 0.0133925 0.0127536 0.0146894 0.0146894 0.0174486 0.0034560 0.0101944 0.0836607 0.2390672 0.2797970 0.0132495 0.0313118 0.0147159 0.0207796 0.0416490 0.0335727 
Adscita_mauretanica           0.0108251 0.0192985 0.0022939 0.0000000 0.0052195 0.0052092 0.0186398 0.0120410 0.0101363 0.0133420 0.0101466 0.0101342 0.0107720 0.0095014 0.0126586 0.0082227 0.0158316 0.0095029 0.0082862 0.0052074 0.0095354 0.0095029 0.0107625 0.0114280 0.0028788 0.0316270 0.0346352 0.0333788 0.0113741 0.0280129 0.1156284 0.0101135 0.0101482 0.0088928 0.0221586 8.9999987 0.0115380 0.0064324 0.0082830 0.0098027 0.0082468 0.0096678 0.0280129 0.0280129 0.0280129 0.0088928 0.0101615 0.0094945 0.0170752 0.0138437 0.0089032 0.0119949 0.0113760 0.0017176 0.0530076 0.0095945 0.0401192 0.0082373 0.0082677 0.0202383 0.0089011 0.0101893 0.0089161 0.0096328 0.0108935 0.0103030 0.0121207 0.0101601 0.0064169 0.0064081 0.0100758 0.0141731 0.0133807 0.0108018 0.0123796 0.0089043 0.0083782 0.0101124 0.0082734 0.0096344 0.0101062 0.0178867 0.0180512 0.0139352 0.0120573 0.0107279 0.0141152 0.0152221 0.0134523 0.0106936 0.0101135 0.0107364 0.0121671 0.0034667 0.0028842 0.0089552 0.0101215 0.0203001 0.0095354 0.0106824 0.0107824 0.0101197 0.0107647 0.0323647 0.0287406 0.0034580 0.0288845 0.0070229 0.0103398 0.0121047 0.0101347 0.0120105 0.0128080 0.0218673 0.0134908 0.0176412 0.0128065 0.0121657 0.0128080 0.0250721 0.0147309 0.0203492 0.0211658 0.0183873 0.0134537 0.0254750 0.0134404 0.0140888 0.0208964 0.0175483 0.0155222 0.0134521 0.0134521 0.0134505 0.0177319 0.0134537 0.0244391 0.0134404 0.0127954 0.0147397 0.0204659 0.0064460 0.0127954 0.0197150 0.0239390 0.0141012 0.0134537 0.0275728 0.0141647 0.0134294 0.0140888 0.0238966 0.0197150 0.0140749 0.0176479 0.0134271 0.0128154 0.0140772 0.0127954 0.0128080 0.0183096 0.0214055 0.0134388 0.0127975 0.0147407 0.0147407 0.0175103 0.0046386 0.0101746 0.0859961 0.2392870 0.2762898 0.0145438 0.0327293 0.0160311 0.0218268 0.0431756 0.0349919 
Aglaope_infausta              0.0116455 0.0199652 0.0040329 0.0052195 0.0000000 0.0011425 0.0193039 0.0113901 0.0094997 0.0139367 0.0095094 0.0094979 0.0101304 0.0088701 0.0119844 0.0100567 0.0152035 0.0100892 0.0088716 0.0046301 0.0101236 0.0100892 0.0101215 0.0107803 0.0046275 0.0295090 0.0324824 0.0312247 0.0107616 0.0259329 0.1148017 0.0094786 0.0107367 0.0094786 0.0201618 8.9999987 0.0133956 0.0023019 0.0088682 0.0091502 0.0088693 0.0102640 0.0259329 0.0259329 0.0259329 0.0082652 0.0108006 0.0088637 0.0190440 0.0132252 0.0082748 0.0113467 0.0107315 0.0034511 0.0505197 0.0101862 0.0394718 0.0088590 0.0088918 0.0195160 0.0094874 0.0107803 0.0095034 0.0089924 0.0102443 0.0096554 0.0114661 0.0095220 0.0022965 0.0070168 0.0094711 0.0160640 0.0127173 0.0113928 0.0130505 0.0094908 0.0089699 0.0094775 0.0088579 0.0102286 0.0094717 0.0184853 0.0173512 0.0145976 0.0114054 0.0100892 0.0159979 0.0158928 0.0125374 0.0125662 0.0094786 0.0100971 0.0140293 0.0052242 0.0046362 0.0095450 0.0082584 0.0210201 0.0089017 0.0113188 0.0113724 0.0094844 0.0101236 0.0302384 0.0266522 0.0040392 0.0267849 0.0076028 0.0096897 0.0114500 0.0094982 0.0113614 0.0146763 0.0238544 0.0153708 0.0195815 0.0146746 0.0140277 0.0133840 0.0242704 0.0153047 0.0209257 0.0231463 0.0203415 0.0153284 0.0275129 0.0153131 0.0159678 0.0201344 0.0194775 0.0174297 0.0153265 0.0140277 0.0153247 0.0203752 0.0140293 0.0236422 0.0153131 0.0133933 0.0153138 0.0224395 0.0070271 0.0146618 0.0216762 0.0259545 0.0159819 0.0153284 0.0296248 0.0160543 0.0140277 0.0146635 0.0258951 0.0216762 0.0146739 0.0195891 0.0140253 0.0146850 0.0159545 0.0146618 0.0146763 0.0202551 0.0234100 0.0140376 0.0133956 0.0166260 0.0153149 0.0180872 0.0064077 0.0111661 0.0825741 0.2357191 0.2662604 0.0145654 0.0369499 0.0160556 0.0230224 0.0447362 0.0364403 
Aglaope_labasi                0.0125497 0.0199193 0.0052153 0.0052092 0.0011425 0.0000000 0.0192597 0.0126648 0.0107511 0.0152406 0.0107620 0.0107489 0.0113901 0.0101126 0.0132619 0.0088251 0.0139089 0.0113432 0.0101143 0.0046210 0.0113823 0.0113432 0.0113801 0.0120502 0.0058181 0.0280271 0.0309669 0.0297124 0.0107391 0.0244883 0.1143280 0.0107269 0.0120011 0.0107269 0.0187914 8.9999987 0.0134302 0.0034730 0.0101103 0.0104338 0.0088511 0.0115410 0.0244883 0.0244883 0.0244883 0.0095021 0.0107779 0.0101053 0.0177146 0.0131969 0.0095132 0.0126162 0.0119954 0.0046283 0.0487027 0.0114530 0.0378754 0.0088408 0.0088735 0.0195697 0.0107369 0.0120502 0.0107551 0.0102527 0.0115187 0.0109281 0.0127490 0.0107764 0.0034648 0.0058156 0.0094516 0.0161065 0.0140130 0.0126677 0.0130216 0.0107409 0.0102269 0.0107256 0.0100985 0.0115009 0.0107191 0.0198378 0.0187053 0.0145658 0.0126820 0.0101143 0.0160400 0.0158577 0.0134514 0.0113068 0.0107269 0.0113523 0.0140657 0.0064225 0.0058291 0.0108024 0.0094942 0.0196302 0.0101489 0.0112950 0.0126449 0.0107334 0.0113823 0.0287484 0.0251996 0.0052235 0.0253242 0.0088242 0.0109672 0.0127320 0.0107494 0.0126327 0.0147145 0.0239219 0.0154111 0.0196351 0.0147128 0.0140640 0.0134185 0.0243395 0.0153447 0.0209833 0.0232115 0.0203977 0.0153685 0.0275928 0.0153531 0.0160098 0.0201899 0.0195309 0.0174764 0.0153667 0.0140640 0.0153649 0.0204316 0.0140657 0.0237084 0.0153531 0.0134279 0.0153539 0.0225023 0.0070442 0.0146999 0.0217367 0.0260288 0.0160240 0.0153685 0.0297117 0.0160968 0.0140640 0.0147017 0.0259691 0.0217367 0.0147121 0.0196428 0.0140617 0.0147233 0.0159964 0.0146999 0.0147145 0.0203108 0.0234767 0.0140740 0.0134302 0.0166699 0.0153550 0.0181358 0.0076171 0.0101738 0.0847901 0.2331354 0.2604431 0.0145324 0.0355639 0.0160183 0.0218252 0.0432805 0.0350729 
Aidos_perfusa                 0.0183147 0.0005695 0.0173601 0.0186398 0.0193039 0.0192597 0.0000000 0.0153854 0.0160242 0.0173861 0.0133817 0.0160701 0.0140797 0.0140416 0.0147235 0.0114222 0.0253873 0.0127776 0.0127776 0.0172545 0.0140937 0.0153187 0.0166885 0.0174122 0.0179695 0.0370135 0.0401406 0.0388764 0.0134387 0.0341004 0.1262563 0.0146791 0.0160150 0.0134086 0.0287070 9.0000000 0.0216533 0.0180022 0.0140637 0.0144995 0.0152948 0.0142947 0.0341004 0.0341004 0.0341004 0.0134086 0.0180865 0.0140416 0.0240518 0.0166613 0.0134163 0.0166408 0.0160081 0.0180132 0.0598608 0.0148125 0.0464705 0.0153319 0.0127688 0.0244034 0.0146950 0.0147934 0.0147464 0.0142410 0.0155618 0.0149525 0.0168229 0.0147398 0.0180432 0.0179485 0.0121011 0.0245725 0.0181445 0.0154283 0.0171558 0.0133880 0.0142392 0.0134093 0.0140556 0.0129585 0.0134086 0.0205805 0.0207726 0.0214121 0.0167315 0.0153187 0.0244643 0.0180750 0.0173418 0.0193593 0.0134086 0.0153315 0.0237329 0.0200709 0.0194112 0.0135051 0.0133969 0.0338458 0.0134221 0.0159696 0.0153998 0.0146797 0.0153733 0.0354781 0.0333384 0.0179950 0.0350417 0.0207062 0.0150194 0.0168225 0.0147115 0.0166740 0.0230284 0.0282828 0.0238022 0.0251819 0.0230257 0.0223277 0.0216332 0.0318855 0.0236932 0.0265766 0.0275489 0.0258419 0.0237329 0.0345763 0.0237078 0.0244152 0.0296110 0.0282900 0.0260641 0.0237301 0.0223277 0.0237273 0.0260391 0.0223303 0.0320217 0.0237078 0.0230042 0.0237084 0.0282898 0.0221546 0.0244123 0.0275660 0.0328801 0.0244383 0.0237329 0.0377709 0.0239339 0.0223277 0.0230069 0.0338416 0.0275660 0.0243893 0.0259648 0.0236828 0.0230432 0.0243932 0.0230042 0.0230284 0.0258819 0.0292557 0.0237050 0.0216533 0.0251264 0.0237106 0.0281760 0.0180132 0.0185457 0.1010966 0.2422307 0.2904567 0.0188700 0.0321653 0.0204639 0.0307112 0.0507913 0.0392972 
Alarodia_slossoniae           0.0048468 0.0160415 0.0107629 0.0120410 0.0113901 0.0126648 0.0153854 0.0000000 0.0034812 0.0070604 0.0023097 0.0034905 0.0028969 0.0017252 0.0052765 0.0064683 0.0207870 0.0028857 0.0028857 0.0101612 0.0028951 0.0028857 0.0040726 0.0046815 0.0101253 0.0314173 0.0344673 0.0331919 0.0101950 0.0277535 0.1203633 0.0017304 0.0034800 0.0023039 0.0224372 8.9999986 0.0153491 0.0113947 0.0034712 0.0029741 0.0064829 0.0029343 0.0277535 0.0277535 0.0277535 0.0023039 0.0096469 0.0023023 0.0207003 0.0114638 0.0023052 0.0040625 0.0034780 0.0101482 0.0522676 0.0040986 0.0416405 0.0089219 0.0065181 0.0116135 0.0052402 0.0034935 0.0040682 0.0017484 0.0023455 0.0023449 0.0052947 0.0034819 0.0114189 0.0113959 0.0083267 0.0180696 0.0064978 0.0040809 0.0130991 0.0040628 0.0035124 0.0028837 0.0034693 0.0029245 0.0028836 0.0120118 0.0108681 0.0121241 0.0040823 0.0023109 0.0179941 0.0127637 0.0032149 0.0139637 0.0023039 0.0023126 0.0173118 0.0120521 0.0114305 0.0023197 0.0023057 0.0284430 0.0028951 0.0120720 0.0040738 0.0023044 0.0023185 0.0321652 0.0270166 0.0089146 0.0286357 0.0114134 0.0029465 0.0046947 0.0023084 0.0040699 0.0166490 0.0225664 0.0173602 0.0194393 0.0166470 0.0159896 0.0166490 0.0264161 0.0180187 0.0221484 0.0218614 0.0201931 0.0173118 0.0276844 0.0172943 0.0179598 0.0236070 0.0209404 0.0194616 0.0173097 0.0173097 0.0173077 0.0202263 0.0173118 0.0257826 0.0172943 0.0153465 0.0180303 0.0225715 0.0139843 0.0179577 0.0211254 0.0266789 0.0179759 0.0173118 0.0300086 0.0173960 0.0159896 0.0179598 0.0274591 0.0211254 0.0166462 0.0194468 0.0159870 0.0166598 0.0179445 0.0166322 0.0166490 0.0201076 0.0232265 0.0160012 0.0153491 0.0186288 0.0186288 0.0208956 0.0101847 0.0093141 0.0855683 0.2347319 0.2847260 0.0139972 0.0354614 0.0154871 0.0198454 0.0372209 0.0295778 
Altha_melanopsis              0.0032117 0.0166732 0.0088832 0.0101363 0.0094997 0.0107511 0.0160242 0.0034812 0.0000000 0.0064614 0.0023038 0.0034788 0.0028873 0.0017194 0.0058360 0.0064503 0.0192019 0.0028761 0.0028761 0.0082877 0.0028855 0.0028761 0.0005695 0.0011455 0.0082589 0.0295524 0.0325301 0.0312710 0.0089242 0.0259712 0.1195202 0.0022967 0.0034683 0.0022967 0.0209152 8.9999990 0.0133761 0.0095037 0.0017204 0.0023681 0.0076966 0.0029244 0.0259712 0.0259712 0.0259712 0.0022967 0.0109042 0.0017194 0.0205494 0.0133534 0.0022994 0.0028785 0.0022988 0.0082773 0.0497681 0.0040847 0.0395298 0.0076669 0.0064958 0.0121679 0.0034626 0.0034817 0.0023037 0.0017424 0.0023323 0.0023377 0.0052799 0.0034724 0.0095235 0.0095045 0.0082982 0.0160411 0.0064757 0.0040671 0.0117532 0.0023006 0.0029138 0.0022976 0.0028783 0.0029147 0.0022967 0.0119779 0.0108372 0.0134011 0.0017221 0.0028761 0.0159751 0.0134262 0.0040293 0.0126480 0.0022967 0.0022997 0.0153064 0.0101457 0.0095330 0.0023124 0.0022984 0.0268072 0.0028855 0.0114163 0.0040600 0.0022976 0.0028855 0.0302829 0.0266915 0.0088979 0.0268246 0.0101529 0.0023474 0.0040893 0.0023012 0.0028820 0.0146552 0.0209536 0.0153487 0.0187855 0.0146535 0.0140074 0.0146552 0.0256504 0.0165912 0.0214865 0.0202635 0.0195338 0.0153064 0.0275145 0.0152912 0.0159451 0.0214766 0.0194509 0.0174050 0.0153046 0.0153046 0.0153028 0.0195658 0.0153064 0.0250203 0.0152912 0.0133739 0.0166012 0.0209581 0.0120435 0.0159432 0.0202756 0.0273538 0.0159592 0.0153064 0.0296439 0.0167505 0.0140074 0.0159451 0.0259312 0.0202756 0.0146528 0.0187929 0.0140051 0.0146637 0.0159318 0.0146407 0.0146552 0.0194520 0.0225506 0.0140173 0.0133761 0.0166025 0.0166025 0.0194095 0.0082773 0.0083872 0.0862548 0.2308382 0.2764235 0.0126528 0.0337803 0.0141150 0.0199330 0.0354920 0.0294745 
Anaxidia_lozogramma           0.0048643 0.0180424 0.0120456 0.0133420 0.0139367 0.0152406 0.0173861 0.0070604 0.0064614 0.0000000 0.0064678 0.0076961 0.0058658 0.0058507 0.0083234 0.0095472 0.0220884 0.0058517 0.0058517 0.0126876 0.0058712 0.0070464 0.0070683 0.0077024 0.0113981 0.0328269 0.0359004 0.0346258 0.0102014 0.0291380 0.1237207 0.0058683 0.0076720 0.0052569 0.0231554 8.9999984 0.0153835 0.0139421 0.0046634 0.0053964 0.0107965 0.0041261 0.0291380 0.0291380 0.0291380 0.0064475 0.0141193 0.0058465 0.0227363 0.0166921 0.0064548 0.0082720 0.0076680 0.0114242 0.0518718 0.0071249 0.0415086 0.0113938 0.0108565 0.0154786 0.0052529 0.0064947 0.0052704 0.0041116 0.0047290 0.0047298 0.0083579 0.0076809 0.0139725 0.0126872 0.0127129 0.0181112 0.0095854 0.0070939 0.0137295 0.0052634 0.0041081 0.0064468 0.0058519 0.0041123 0.0064429 0.0113917 0.0127457 0.0166648 0.0083139 0.0064669 0.0180354 0.0160389 0.0056892 0.0158890 0.0064475 0.0064719 0.0173512 0.0133545 0.0127261 0.0052933 0.0064524 0.0300082 0.0070701 0.0133354 0.0070814 0.0064514 0.0064886 0.0335804 0.0298812 0.0133195 0.0300333 0.0146314 0.0047461 0.0083461 0.0064605 0.0082825 0.0166867 0.0232458 0.0173998 0.0194845 0.0166847 0.0160257 0.0166867 0.0293255 0.0180600 0.0222011 0.0225378 0.0202401 0.0173512 0.0298616 0.0173337 0.0180009 0.0250316 0.0209898 0.0195067 0.0173491 0.0173491 0.0173471 0.0202734 0.0173512 0.0286865 0.0173337 0.0166699 0.0180713 0.0232511 0.0153135 0.0179988 0.0210972 0.0280956 0.0180171 0.0173512 0.0322270 0.0174357 0.0173190 0.0180009 0.0289427 0.0210972 0.0179827 0.0194922 0.0173162 0.0166969 0.0179856 0.0166699 0.0166867 0.0201548 0.0232837 0.0173316 0.0166726 0.0186717 0.0186717 0.0209451 0.0120594 0.0112961 0.0908328 0.2443786 0.2963322 0.0146484 0.0310172 0.0161482 0.0233315 0.0398432 0.0336121 
Apoda_biguttata               0.0032163 0.0140263 0.0088922 0.0101466 0.0095094 0.0107620 0.0133817 0.0023097 0.0023038 0.0064678 0.0000000 0.0023099 0.0017255 0.0005705 0.0046502 0.0052532 0.0192213 0.0017189 0.0017189 0.0082961 0.0017245 0.0017189 0.0028875 0.0034852 0.0082673 0.0295826 0.0325633 0.0313032 0.0089228 0.0259978 0.1193994 0.0011438 0.0023031 0.0011438 0.0209361 8.9999990 0.0126610 0.0095133 0.0017201 0.0017712 0.0064858 0.0017476 0.0259978 0.0259978 0.0259978 0.0011438 0.0096520 0.0005705 0.0198915 0.0120890 0.0011438 0.0028789 0.0023017 0.0082856 0.0498197 0.0029059 0.0395701 0.0076746 0.0052927 0.0109050 0.0034621 0.0023119 0.0023046 0.0005781 0.0017444 0.0011630 0.0040876 0.0023030 0.0095331 0.0095141 0.0070837 0.0152923 0.0052764 0.0028934 0.0117581 0.0011415 0.0017413 0.0011431 0.0017202 0.0017419 0.0011438 0.0107298 0.0095875 0.0121320 0.0028943 0.0017189 0.0152301 0.0127784 0.0024042 0.0126608 0.0011438 0.0017202 0.0145698 0.0101560 0.0095427 0.0011516 0.0011446 0.0268348 0.0017245 0.0101725 0.0028884 0.0011431 0.0017245 0.0303138 0.0252775 0.0070705 0.0268523 0.0095283 0.0011679 0.0029091 0.0011460 0.0028857 0.0139262 0.0201383 0.0146097 0.0180014 0.0139245 0.0132858 0.0139262 0.0233901 0.0158409 0.0206709 0.0194574 0.0187387 0.0145698 0.0251779 0.0145555 0.0152018 0.0206622 0.0186594 0.0166389 0.0145681 0.0145681 0.0145664 0.0187692 0.0145698 0.0227673 0.0145555 0.0126590 0.0158508 0.0201426 0.0120557 0.0152001 0.0194689 0.0250333 0.0152151 0.0145698 0.0272640 0.0159914 0.0132858 0.0152018 0.0250532 0.0194689 0.0139239 0.0180083 0.0132836 0.0139347 0.0151893 0.0139125 0.0139262 0.0186603 0.0217086 0.0132950 0.0126610 0.0158515 0.0158515 0.0186199 0.0082856 0.0083852 0.0863306 0.2315346 0.2754909 0.0126662 0.0338634 0.0141301 0.0199668 0.0355807 0.0295456 
Apoda_limacodes               0.0048693 0.0167210 0.0088815 0.0101342 0.0094979 0.0107489 0.0160701 0.0034905 0.0034788 0.0076961 0.0023099 0.0000000 0.0017194 0.0017240 0.0058517 0.0064678 0.0191956 0.0028838 0.0028838 0.0082863 0.0028932 0.0028838 0.0040697 0.0046782 0.0095128 0.0311304 0.0341499 0.0328850 0.0101942 0.0275022 0.1226653 0.0023028 0.0034776 0.0023028 0.0223682 9.0000000 0.0133727 0.0107759 0.0028892 0.0029721 0.0077177 0.0029323 0.0275022 0.0275022 0.0275022 0.0023028 0.0096402 0.0017240 0.0205422 0.0120739 0.0023055 0.0040621 0.0034756 0.0082758 0.0497421 0.0040957 0.0387690 0.0089157 0.0065136 0.0122022 0.0046524 0.0034911 0.0034829 0.0017471 0.0029269 0.0017510 0.0052942 0.0034816 0.0095216 0.0095026 0.0083209 0.0160364 0.0064933 0.0040780 0.0124227 0.0034782 0.0029217 0.0023037 0.0028859 0.0029226 0.0023028 0.0120111 0.0108674 0.0134389 0.0040819 0.0028838 0.0159705 0.0134268 0.0040443 0.0126450 0.0023028 0.0028859 0.0153022 0.0101436 0.0095311 0.0023186 0.0023045 0.0267951 0.0028932 0.0101601 0.0040709 0.0023037 0.0028932 0.0318709 0.0267725 0.0076709 0.0283746 0.0095168 0.0023538 0.0041004 0.0023073 0.0040670 0.0146513 0.0209461 0.0153445 0.0187793 0.0146496 0.0140038 0.0146513 0.0242292 0.0165864 0.0214786 0.0202564 0.0195271 0.0153022 0.0260503 0.0152870 0.0159406 0.0214686 0.0194443 0.0173997 0.0153004 0.0153004 0.0152986 0.0195591 0.0153022 0.0236010 0.0152870 0.0133705 0.0165963 0.0209506 0.0120407 0.0159387 0.0202684 0.0258992 0.0159546 0.0153022 0.0281593 0.0167455 0.0140038 0.0159406 0.0259199 0.0202684 0.0146489 0.0187867 0.0140014 0.0146598 0.0159273 0.0146368 0.0146513 0.0194455 0.0225418 0.0140136 0.0133727 0.0165976 0.0165976 0.0194029 0.0082758 0.0103787 0.0887031 0.2421426 0.2724960 0.0133407 0.0368951 0.0148186 0.0211250 0.0370688 0.0324668 
Apoda_y-inversa               0.0040350 0.0147208 0.0095101 0.0107720 0.0101304 0.0113901 0.0140797 0.0028969 0.0028873 0.0058658 0.0017255 0.0017194 0.0000000 0.0011447 0.0052451 0.0058558 0.0198940 0.0022978 0.0022978 0.0089124 0.0023053 0.0022978 0.0034742 0.0040768 0.0088812 0.0303224 0.0333180 0.0320571 0.0083173 0.0267208 0.1208437 0.0017202 0.0028864 0.0017202 0.0216297 8.9999990 0.0127491 0.0101346 0.0023022 0.0023679 0.0070944 0.0023363 0.0267208 0.0267208 0.0267208 0.0017202 0.0102831 0.0011447 0.0212503 0.0127275 0.0017222 0.0034678 0.0028847 0.0089010 0.0497167 0.0034963 0.0394950 0.0082869 0.0058970 0.0115421 0.0028815 0.0028975 0.0028906 0.0011600 0.0023320 0.0011618 0.0046867 0.0028896 0.0101559 0.0101356 0.0076945 0.0154006 0.0058787 0.0034813 0.0124190 0.0028868 0.0023279 0.0017213 0.0022995 0.0023286 0.0017202 0.0107189 0.0095778 0.0127728 0.0034846 0.0022978 0.0153375 0.0134228 0.0015975 0.0132989 0.0017202 0.0022995 0.0146721 0.0107820 0.0101661 0.0017319 0.0017215 0.0275643 0.0023053 0.0101601 0.0034753 0.0017213 0.0023053 0.0310571 0.0259968 0.0082928 0.0275829 0.0101508 0.0017586 0.0035003 0.0017235 0.0034720 0.0140236 0.0202865 0.0147126 0.0181309 0.0140219 0.0133784 0.0140236 0.0235631 0.0159527 0.0208215 0.0195993 0.0188737 0.0146721 0.0253679 0.0146576 0.0153088 0.0208117 0.0187941 0.0167577 0.0146704 0.0146704 0.0146686 0.0189056 0.0146721 0.0229351 0.0146576 0.0127470 0.0159621 0.0202908 0.0126921 0.0153070 0.0196109 0.0252211 0.0153222 0.0146721 0.0274711 0.0161053 0.0133784 0.0153088 0.0252413 0.0196109 0.0140213 0.0181381 0.0133762 0.0140316 0.0152961 0.0140097 0.0140236 0.0187950 0.0218704 0.0133878 0.0127491 0.0159634 0.0159634 0.0187541 0.0089010 0.0093730 0.0873528 0.2376743 0.2763632 0.0133366 0.0339707 0.0148139 0.0211133 0.0370398 0.0324430 
Belippa_horrida               0.0023959 0.0146810 0.0082577 0.0095014 0.0088701 0.0101126 0.0140416 0.0017252 0.0017194 0.0058507 0.0005705 0.0017240 0.0011447 0.0000000 0.0040489 0.0046493 0.0185033 0.0011404 0.0011404 0.0076649 0.0011440 0.0011404 0.0022987 0.0028900 0.0076384 0.0287620 0.0317166 0.0304613 0.0082956 0.0252066 0.1177428 0.0005692 0.0017189 0.0005692 0.0201917 8.9999990 0.0127150 0.0088739 0.0011425 0.0011749 0.0058668 0.0011593 0.0252066 0.0252066 0.0252066 0.0005692 0.0090023 0.0000010 0.0198406 0.0114256 0.0005694 0.0022946 0.0017179 0.0076552 0.0487604 0.0023133 0.0386599 0.0070490 0.0046816 0.0102461 0.0028743 0.0017254 0.0017215 0.0000010 0.0011572 0.0005794 0.0034884 0.0017209 0.0088922 0.0088745 0.0064610 0.0153587 0.0046673 0.0023035 0.0110886 0.0017192 0.0011552 0.0005695 0.0011412 0.0011555 0.0005692 0.0100887 0.0089481 0.0114660 0.0023051 0.0011404 0.0152959 0.0121070 0.0015920 0.0119962 0.0005692 0.0011412 0.0146325 0.0095101 0.0089010 0.0005730 0.0005696 0.0260338 0.0011440 0.0095255 0.0022995 0.0005695 0.0011440 0.0294869 0.0244925 0.0070537 0.0260500 0.0088876 0.0005817 0.0023159 0.0005702 0.0022973 0.0139859 0.0202294 0.0146728 0.0180807 0.0139842 0.0133426 0.0139859 0.0234963 0.0159094 0.0207632 0.0195441 0.0188220 0.0146325 0.0252943 0.0146181 0.0152674 0.0207545 0.0187419 0.0167117 0.0146308 0.0146308 0.0146291 0.0188528 0.0146325 0.0228701 0.0146181 0.0127129 0.0159188 0.0202337 0.0113944 0.0152656 0.0195556 0.0251488 0.0152807 0.0146325 0.0273909 0.0160612 0.0133426 0.0152674 0.0251685 0.0195556 0.0139836 0.0180878 0.0133404 0.0139938 0.0152547 0.0139721 0.0139859 0.0187429 0.0218079 0.0133519 0.0127150 0.0159201 0.0159201 0.0187021 0.0076552 0.0074084 0.0849368 0.2308382 0.2764235 0.0119683 0.0337803 0.0134144 0.0187469 0.0354920 0.0294745 
Birthamoides_plagioscia       0.0040224 0.0153670 0.0113748 0.0126586 0.0119844 0.0132619 0.0147235 0.0052765 0.0058360 0.0083234 0.0046502 0.0058517 0.0052451 0.0040489 0.0000000 0.0076669 0.0205593 0.0040495 0.0040495 0.0120108 0.0040629 0.0052245 0.0064371 0.0070634 0.0107340 0.0310507 0.0340605 0.0327991 0.0101728 0.0274336 0.1182798 0.0034648 0.0058338 0.0034648 0.0223146 8.9999988 0.0159831 0.0119892 0.0040573 0.0053855 0.0095728 0.0041179 0.0274336 0.0274336 0.0274336 0.0046356 0.0128582 0.0040489 0.0219616 0.0133619 0.0046410 0.0058331 0.0058306 0.0107584 0.0497875 0.0052820 0.0411363 0.0113663 0.0089406 0.0134638 0.0058327 0.0046690 0.0046580 0.0041035 0.0041103 0.0047203 0.0076973 0.0058402 0.0120147 0.0120104 0.0095230 0.0187159 0.0064910 0.0052592 0.0143897 0.0046519 0.0041029 0.0046385 0.0040526 0.0041042 0.0046356 0.0132513 0.0127064 0.0147570 0.0052538 0.0040495 0.0186376 0.0147695 0.0048341 0.0152224 0.0046356 0.0040526 0.0179522 0.0126703 0.0120470 0.0034885 0.0034620 0.0277231 0.0052418 0.0126913 0.0052500 0.0046385 0.0040629 0.0317889 0.0267061 0.0113754 0.0283030 0.0126589 0.0047400 0.0064860 0.0046448 0.0052093 0.0172871 0.0223963 0.0180025 0.0209244 0.0172850 0.0166254 0.0159690 0.0256175 0.0166300 0.0222786 0.0216962 0.0216959 0.0179522 0.0268241 0.0179341 0.0186019 0.0242300 0.0208649 0.0201141 0.0179501 0.0166254 0.0179480 0.0217320 0.0166273 0.0264100 0.0179341 0.0172697 0.0166401 0.0224013 0.0146109 0.0185998 0.0217094 0.0266679 0.0186186 0.0179522 0.0282414 0.0174958 0.0179189 0.0172717 0.0273900 0.0217094 0.0185831 0.0209325 0.0179160 0.0172976 0.0185861 0.0172697 0.0172871 0.0216032 0.0247990 0.0179320 0.0172725 0.0192733 0.0179362 0.0194555 0.0107584 0.0102999 0.0874217 0.2341811 0.2817059 0.0146643 0.0354228 0.0161661 0.0221410 0.0401694 0.0338776 
Brachycodilla_osorius         0.0057153 0.0120536 0.0082327 0.0082227 0.0100567 0.0088251 0.0114222 0.0064683 0.0064503 0.0095472 0.0052532 0.0064678 0.0058558 0.0046493 0.0076669 0.0000000 0.0170719 0.0046501 0.0034755 0.0076077 0.0046654 0.0058326 0.0070560 0.0076889 0.0064217 0.0285090 0.0314324 0.0301886 0.0088704 0.0249893 0.1138207 0.0052399 0.0064478 0.0040614 0.0200243 8.9999990 0.0128107 0.0100608 0.0046561 0.0047935 0.0058235 0.0047289 0.0249893 0.0249893 0.0249893 0.0040614 0.0089335 0.0046493 0.0164451 0.0113376 0.0040636 0.0070380 0.0064443 0.0076321 0.0500468 0.0058971 0.0382996 0.0069967 0.0046473 0.0141455 0.0064431 0.0052779 0.0052621 0.0047123 0.0059208 0.0053326 0.0071103 0.0052602 0.0100817 0.0064151 0.0064132 0.0154767 0.0083294 0.0058716 0.0097382 0.0052551 0.0047116 0.0052398 0.0046535 0.0047131 0.0052399 0.0119808 0.0120865 0.0113772 0.0070731 0.0046501 0.0154129 0.0107744 0.0065415 0.0094583 0.0052399 0.0058370 0.0147439 0.0094810 0.0088738 0.0040893 0.0052439 0.0217081 0.0046654 0.0070414 0.0058612 0.0052398 0.0058520 0.0292264 0.0242823 0.0076250 0.0258232 0.0100767 0.0053550 0.0071098 0.0052503 0.0070511 0.0140919 0.0203905 0.0147848 0.0182226 0.0140902 0.0134433 0.0140919 0.0250526 0.0160312 0.0209277 0.0196994 0.0189706 0.0147439 0.0269054 0.0147292 0.0153839 0.0222647 0.0188891 0.0168414 0.0147421 0.0147421 0.0147404 0.0190019 0.0147439 0.0244200 0.0147292 0.0140779 0.0160416 0.0203949 0.0101284 0.0153821 0.0197112 0.0253538 0.0153975 0.0147439 0.0290349 0.0161855 0.0147169 0.0153839 0.0253739 0.0197112 0.0153685 0.0182296 0.0147145 0.0141012 0.0153710 0.0140779 0.0140919 0.0188901 0.0219844 0.0147274 0.0140802 0.0160420 0.0160420 0.0188487 0.0076321 0.0054572 0.0877036 0.2205662 0.2731515 0.0118963 0.0297114 0.0146537 0.0163439 0.0386524 0.0307853 
Cacoecimorpha_pronubana       0.0245958 0.0260716 0.0171309 0.0158316 0.0152035 0.0139089 0.0253873 0.0207870 0.0192019 0.0220884 0.0192213 0.0191956 0.0198940 0.0185033 0.0205593 0.0170719 0.0000000 0.0198076 0.0185063 0.0164627 0.0198793 0.0185063 0.0198782 0.0206239 0.0178186 0.0181022 0.0208179 0.0195900 0.0191771 0.0161074 0.1296226 0.0178574 0.0192235 0.0191544 0.0121592 8.9999990 0.0222833 0.0151720 0.0191973 0.0191120 0.0165371 0.0201658 0.0161074 0.0161074 0.0161074 0.0178574 0.0172224 0.0191881 0.0232450 0.0197472 0.0178790 0.0211816 0.0205264 0.0164920 0.0392885 0.0200061 0.0286553 0.0151189 0.0157752 0.0257624 0.0198771 0.0206228 0.0199123 0.0187683 0.0188017 0.0195255 0.0214161 0.0192469 0.0151329 0.0151907 0.0156517 0.0252114 0.0227546 0.0212714 0.0195897 0.0198858 0.0207888 0.0198550 0.0205171 0.0200920 0.0198427 0.0267196 0.0256039 0.0226914 0.0212991 0.0172134 0.0251003 0.0234693 0.0245711 0.0192422 0.0191544 0.0185220 0.0243670 0.0184999 0.0178539 0.0192934 0.0178415 0.0265984 0.0185729 0.0210589 0.0212316 0.0191661 0.0185729 0.0181140 0.0167701 0.0171617 0.0168493 0.0198193 0.0203209 0.0221123 0.0191980 0.0212111 0.0236611 0.0254547 0.0244381 0.0241161 0.0236584 0.0229581 0.0222628 0.0335295 0.0224025 0.0255206 0.0247333 0.0249309 0.0243670 0.0339937 0.0243412 0.0250499 0.0276328 0.0262849 0.0245581 0.0243641 0.0229581 0.0243613 0.0249738 0.0244176 0.0328761 0.0243412 0.0222797 0.0224171 0.0254608 0.0192233 0.0236362 0.0226830 0.0293451 0.0250736 0.0243670 0.0363195 0.0260155 0.0229581 0.0236390 0.0331611 0.0226830 0.0236573 0.0255217 0.0229544 0.0236766 0.0236611 0.0236362 0.0236611 0.0248210 0.0281527 0.0229768 0.0222833 0.0257624 0.0243440 0.0254389 0.0191026 0.0203322 0.0989702 0.2496520 0.2881023 0.0202151 0.0403368 0.0202728 0.0322771 0.0509075 0.0419596 
Caiella_pygmy                 0.0015936 0.0134127 0.0082591 0.0095029 0.0100892 0.0113432 0.0127776 0.0028857 0.0028761 0.0058517 0.0017189 0.0028838 0.0022978 0.0011404 0.0040495 0.0046501 0.0198076 0.0000000 0.0011406 0.0088763 0.0011442 0.0022889 0.0034607 0.0040608 0.0076397 0.0301798 0.0331589 0.0319039 0.0082970 0.0265974 0.1177541 0.0017136 0.0028752 0.0005693 0.0215333 8.9999988 0.0127171 0.0100933 0.0011427 0.0023585 0.0070660 0.0011595 0.0265974 0.0265974 0.0265974 0.0017136 0.0102406 0.0011404 0.0198438 0.0114275 0.0017156 0.0034543 0.0028735 0.0076565 0.0504293 0.0023137 0.0401603 0.0082535 0.0058735 0.0114940 0.0028748 0.0017257 0.0017218 0.0011555 0.0023229 0.0017446 0.0046682 0.0028784 0.0101144 0.0088760 0.0064621 0.0153612 0.0046681 0.0023039 0.0110905 0.0017195 0.0011554 0.0005696 0.0011414 0.0000010 0.0005693 0.0100904 0.0101782 0.0127194 0.0034710 0.0022889 0.0152984 0.0121090 0.0023940 0.0119982 0.0005693 0.0022906 0.0146349 0.0095117 0.0089025 0.0005731 0.0017149 0.0260380 0.0022964 0.0095271 0.0022999 0.0017147 0.0022964 0.0309105 0.0258772 0.0082593 0.0274543 0.0101094 0.0017517 0.0034865 0.0017169 0.0034584 0.0139882 0.0202327 0.0146752 0.0180836 0.0139865 0.0133448 0.0139882 0.0248564 0.0159120 0.0207665 0.0195473 0.0188251 0.0146349 0.0252984 0.0146204 0.0152699 0.0220925 0.0187450 0.0167144 0.0146332 0.0146332 0.0146315 0.0188559 0.0146349 0.0242290 0.0146204 0.0139744 0.0159214 0.0202370 0.0113963 0.0152681 0.0195588 0.0251528 0.0152832 0.0146349 0.0273952 0.0160638 0.0133448 0.0152699 0.0251726 0.0195588 0.0152547 0.0180908 0.0146060 0.0139961 0.0152572 0.0139744 0.0139882 0.0187459 0.0218115 0.0146187 0.0127171 0.0159227 0.0159227 0.0187052 0.0076565 0.0083582 0.0849466 0.2258172 0.2764483 0.0132783 0.0337900 0.0147480 0.0198491 0.0382960 0.0321540 
Calcarifera_ordinata          0.0023964 0.0134127 0.0070547 0.0082862 0.0088716 0.0101143 0.0127776 0.0028857 0.0028761 0.0058517 0.0017189 0.0028838 0.0022978 0.0011404 0.0040495 0.0034755 0.0185063 0.0011406 0.0000000 0.0076662 0.0011442 0.0022889 0.0034607 0.0040608 0.0064421 0.0301798 0.0331589 0.0319039 0.0077104 0.0265974 0.1154630 0.0017136 0.0028752 0.0005693 0.0215333 8.9999988 0.0114659 0.0088754 0.0011427 0.0011751 0.0058678 0.0011595 0.0265974 0.0265974 0.0265974 0.0005693 0.0090038 0.0011404 0.0185390 0.0114275 0.0005695 0.0034543 0.0028735 0.0064562 0.0504293 0.0023137 0.0401603 0.0070501 0.0046824 0.0114940 0.0028748 0.0017257 0.0017218 0.0011555 0.0023229 0.0017446 0.0034890 0.0017212 0.0088937 0.0076660 0.0064621 0.0140828 0.0046681 0.0023039 0.0098229 0.0017195 0.0011554 0.0017147 0.0011414 0.0011557 0.0017136 0.0100904 0.0101782 0.0114679 0.0034710 0.0022889 0.0140257 0.0108601 0.0031999 0.0107611 0.0017136 0.0022906 0.0133688 0.0082939 0.0076887 0.0005731 0.0017149 0.0246490 0.0011442 0.0083072 0.0022999 0.0017147 0.0022964 0.0309105 0.0258772 0.0070549 0.0274543 0.0088891 0.0017517 0.0034865 0.0017169 0.0034584 0.0127275 0.0189015 0.0134054 0.0167773 0.0127260 0.0120895 0.0127275 0.0235001 0.0146373 0.0194398 0.0182217 0.0175082 0.0133688 0.0252984 0.0133557 0.0139997 0.0207578 0.0174343 0.0154223 0.0133672 0.0133672 0.0133656 0.0175367 0.0133688 0.0228738 0.0133557 0.0127150 0.0146457 0.0189054 0.0101614 0.0139980 0.0182323 0.0237792 0.0140118 0.0133688 0.0273952 0.0147761 0.0133448 0.0139997 0.0237979 0.0182323 0.0139859 0.0167840 0.0133426 0.0127344 0.0139882 0.0127150 0.0127275 0.0174349 0.0204552 0.0133541 0.0127171 0.0146470 0.0146470 0.0173972 0.0064562 0.0074104 0.0830640 0.2258172 0.2798530 0.0119704 0.0310815 0.0134167 0.0187520 0.0382960 0.0321540 
Callizygaena_splendens        0.0108092 0.0179054 0.0052136 0.0052074 0.0046301 0.0046210 0.0172545 0.0101612 0.0082877 0.0126876 0.0082961 0.0082863 0.0089124 0.0076649 0.0120108 0.0076077 0.0164627 0.0088763 0.0076662 0.0000000 0.0089064 0.0088763 0.0089044 0.0095542 0.0058162 0.0294252 0.0323883 0.0311344 0.0095097 0.0258608 0.1168657 0.0082695 0.0095159 0.0082695 0.0201079 8.9999982 0.0134030 0.0058356 0.0076632 0.0079062 0.0076420 0.0090297 0.0258608 0.0258608 0.0258608 0.0070636 0.0083217 0.0076593 0.0176786 0.0119524 0.0070717 0.0101228 0.0095111 0.0046267 0.0503482 0.0077395 0.0384984 0.0076211 0.0064500 0.0174976 0.0094924 0.0095543 0.0082911 0.0077702 0.0090124 0.0084234 0.0102288 0.0083072 0.0046413 0.0058046 0.0082391 0.0147595 0.0114724 0.0101637 0.0104282 0.0082801 0.0077509 0.0082686 0.0076543 0.0089986 0.0082635 0.0159202 0.0147772 0.0133015 0.0101747 0.0088763 0.0146992 0.0139636 0.0116969 0.0112846 0.0082695 0.0088832 0.0127505 0.0064204 0.0058272 0.0083273 0.0082759 0.0209257 0.0076921 0.0088390 0.0101456 0.0082746 0.0089064 0.0301521 0.0265777 0.0052218 0.0267097 0.0076188 0.0084532 0.0102144 0.0082865 0.0101358 0.0133914 0.0224589 0.0140758 0.0182321 0.0146829 0.0140356 0.0146846 0.0242870 0.0153134 0.0209387 0.0217577 0.0189800 0.0140372 0.0283174 0.0153219 0.0146718 0.0201469 0.0181366 0.0161096 0.0140356 0.0153353 0.0153335 0.0190112 0.0140372 0.0236573 0.0140234 0.0134008 0.0153225 0.0210580 0.0082437 0.0159752 0.0203060 0.0266912 0.0146846 0.0140372 0.0304443 0.0154328 0.0140356 0.0159770 0.0252436 0.0203060 0.0133892 0.0182386 0.0140332 0.0133991 0.0159637 0.0146701 0.0133914 0.0188996 0.0219960 0.0140455 0.0134030 0.0153237 0.0153237 0.0180980 0.0064109 0.0092404 0.0847704 0.2328737 0.2707117 0.0145275 0.0339189 0.0160129 0.0195996 0.0431727 0.0349894 
Cania_heppneri                0.0024073 0.0147355 0.0082870 0.0095354 0.0101236 0.0113823 0.0140937 0.0028951 0.0028855 0.0058712 0.0017245 0.0028932 0.0023053 0.0011440 0.0040629 0.0046654 0.0198793 0.0011442 0.0011442 0.0089064 0.0000000 0.0022964 0.0034720 0.0040742 0.0076654 0.0302973 0.0332899 0.0320301 0.0070617 0.0266994 0.1183818 0.0017192 0.0028846 0.0005711 0.0216132 8.9999988 0.0127616 0.0101278 0.0011464 0.0023664 0.0070898 0.0000010 0.0266994 0.0266994 0.0266994 0.0017192 0.0102761 0.0011440 0.0199158 0.0127186 0.0017212 0.0034656 0.0028829 0.0076824 0.0485416 0.0023213 0.0403241 0.0082814 0.0058932 0.0115341 0.0028842 0.0017314 0.0017274 0.0011593 0.0023306 0.0017503 0.0046837 0.0017153 0.0101490 0.0089062 0.0076894 0.0154160 0.0034767 0.0011440 0.0111298 0.0017251 0.0011592 0.0017202 0.0011451 0.0011595 0.0017192 0.0101248 0.0102133 0.0127639 0.0034824 0.0022964 0.0153528 0.0121514 0.0032145 0.0120398 0.0017192 0.0022981 0.0146867 0.0095442 0.0089328 0.0005750 0.0017204 0.0261381 0.0023039 0.0095597 0.0011420 0.0017202 0.0023039 0.0310313 0.0259760 0.0082873 0.0259493 0.0101440 0.0017575 0.0034981 0.0017225 0.0034698 0.0140374 0.0203076 0.0147272 0.0181495 0.0140358 0.0133916 0.0140374 0.0249493 0.0159686 0.0208431 0.0196196 0.0188932 0.0146867 0.0253952 0.0146721 0.0153240 0.0221740 0.0188134 0.0167746 0.0146849 0.0146849 0.0146832 0.0189241 0.0146867 0.0243199 0.0146721 0.0140236 0.0159781 0.0203119 0.0114357 0.0153222 0.0196313 0.0252479 0.0153375 0.0146867 0.0275009 0.0161215 0.0146600 0.0153240 0.0252684 0.0196313 0.0153088 0.0181566 0.0146576 0.0140455 0.0153113 0.0140236 0.0140374 0.0188143 0.0218936 0.0146704 0.0140259 0.0159793 0.0159793 0.0187733 0.0076824 0.0093632 0.0853546 0.2322607 0.2828673 0.0133268 0.0340429 0.0148028 0.0210865 0.0385900 0.0308799 
Ceratonema_apodina            0.0040131 0.0159626 0.0094715 0.0095029 0.0100892 0.0113432 0.0153187 0.0028857 0.0028761 0.0070464 0.0017189 0.0028838 0.0022978 0.0011404 0.0052245 0.0058326 0.0185063 0.0022889 0.0022889 0.0088763 0.0022964 0.0000000 0.0034607 0.0040608 0.0088454 0.0301798 0.0331589 0.0319039 0.0095153 0.0265974 0.1177541 0.0017136 0.0017192 0.0017136 0.0215333 9.0000000 0.0127171 0.0100933 0.0022933 0.0023585 0.0070660 0.0023272 0.0265974 0.0265974 0.0265974 0.0017136 0.0102406 0.0011404 0.0211571 0.0114275 0.0017156 0.0034543 0.0028735 0.0088650 0.0504293 0.0034826 0.0401603 0.0082535 0.0058735 0.0114940 0.0040387 0.0028862 0.0028794 0.0011555 0.0023229 0.0017446 0.0046682 0.0028784 0.0101144 0.0100942 0.0064621 0.0153612 0.0058553 0.0034677 0.0110905 0.0028756 0.0023188 0.0017147 0.0022906 0.0023195 0.0017136 0.0113161 0.0101782 0.0127194 0.0034710 0.0022889 0.0152984 0.0121090 0.0031999 0.0132435 0.0017136 0.0022906 0.0146349 0.0107377 0.0101245 0.0017252 0.0017149 0.0260380 0.0022964 0.0107552 0.0034617 0.0017147 0.0022964 0.0309105 0.0258772 0.0082593 0.0274543 0.0088891 0.0017517 0.0034865 0.0017169 0.0034584 0.0139882 0.0202327 0.0146752 0.0180836 0.0139865 0.0133448 0.0139882 0.0235001 0.0159120 0.0207665 0.0195473 0.0188251 0.0146349 0.0252984 0.0146204 0.0152699 0.0207578 0.0187450 0.0167144 0.0146332 0.0146332 0.0146315 0.0188559 0.0146349 0.0228738 0.0146204 0.0127150 0.0159214 0.0202370 0.0126394 0.0152681 0.0195588 0.0251528 0.0152832 0.0146349 0.0273952 0.0160638 0.0133448 0.0152699 0.0251726 0.0195588 0.0139859 0.0180908 0.0133426 0.0139961 0.0152572 0.0139744 0.0139882 0.0187459 0.0218115 0.0133541 0.0127171 0.0159227 0.0159227 0.0187052 0.0088650 0.0093133 0.0849466 0.2283092 0.2738690 0.0132783 0.0337803 0.0147480 0.0209576 0.0368897 0.0308101 
