76
Adoxophyes_honmai             0.0000000 0.0857574 8.9999980 0.3100202 8.9999988 0.2023803 8.9999989 8.9999986 8.9999981 0.1471386 8.9999981 0.3245946 0.1802918 0.1811459 0.2892334 0.3519150 0.2947740 0.1453906 0.1341530 0.1486162 0.1488973 0.1305492 0.1330131 0.1434959 0.1432758 0.3136140 0.1776194 0.1753379 0.2698241 8.9999984 8.9999989 0.2068950 0.1291959 0.3228034 0.3149180 0.1947757 0.1740260 0.2001095 0.1753002 0.3272363 0.3122642 0.1989368 0.3248340 0.1786707 0.1713275 0.1736382 0.1700306 0.3150656 0.1805336 8.9999983 8.9999981 0.3174795 0.1815228 0.3024993 0.3577293 0.3174606 0.1867393 0.2072998 8.9999987 8.9999988 0.3069312 0.1988332 8.9999980 0.3292112 0.3256495 8.9999986 8.9999982 8.9999988 8.9999989 8.9999986 8.9999988 8.9999980 8.9999988 0.2713585 0.2933994 0.3728429 
Adoxophyes_orana              0.0857574 0.0000000 8.9999989 0.3087412 8.9999987 0.2098557 8.9999987 8.9999985 8.9999984 0.1536327 8.9999980 0.3221436 0.1811943 0.1878733 0.2892680 0.3485675 0.2972574 0.1511948 0.1365964 0.1525414 0.1561922 0.1336560 0.1347014 0.1488016 0.1512008 0.3042181 0.1845957 0.1871670 0.2712515 8.9999989 8.9999987 0.2094901 0.1376516 0.3209869 0.3088393 0.1975743 0.1798631 0.2056251 0.1773062 0.3281450 0.3084956 0.2006004 0.3216180 0.1792484 0.1753057 0.1812962 0.1747901 0.3064020 0.1852478 8.9999990 8.9999988 0.3225299 0.1876084 0.2980221 0.3479073 0.3075480 0.1911460 0.2072157 8.9999984 8.9999988 0.3039402 0.2001585 8.9999989 0.3340026 0.3250329 8.9999982 8.9999990 8.9999983 8.9999986 8.9999986 8.9999990 8.9999981 8.9999984 0.2700654 0.2872717 0.3799756 
Aethes_cnicana                8.9999980 8.9999989 0.0000000 8.9999990 0.2031718 8.9999984 0.1968906 0.2947697 0.2106617 8.9999985 0.1983618 8.9999985 8.9999989 8.9999988 8.9999983 8.9999987 8.9999987 8.9999984 8.9999981 8.9999989 8.9999984 8.9999983 8.9999990 8.9999986 8.9999982 8.9999986 8.9999986 8.9999986 8.9999981 0.2101115 0.1920701 8.9999982 8.9999986 8.9999986 8.9999983 8.9999982 8.9999982 8.9999986 8.9999990 8.9999986 8.9999986 8.9999985 8.9999985 8.9999984 8.9999981 8.9999985 8.9999981 8.9999986 8.9999990 0.2052621 0.1961775 8.9999988 8.9999983 8.9999980 8.9999987 8.9999986 8.9999985 8.9999988 0.2127675 0.3719749 8.9999989 8.9999987 0.1762439 8.9999987 8.9999987 0.3311837 0.3260264 0.3451075 0.3348199 0.3318603 0.3446994 0.2776090 0.2681037 8.9999988 8.9999986 8.9999988 
Amesia_sanguiflua             0.3100202 0.3087412 8.9999990 0.0000000 8.9999986 0.3421740 8.9999984 8.9999986 8.9999986 0.3005411 8.9999983 0.3550455 0.3056735 0.3040913 0.3140690 0.3667009 0.3217130 0.3036553 0.2888931 0.3019312 0.3066457 0.2843154 0.2862859 0.2982565 0.2975458 0.3236643 0.3146928 0.3127387 0.2943158 8.9999986 8.9999986 0.3360754 0.2929013 0.1052887 0.1219865 0.3252213 0.3089280 0.3387086 0.3052532 0.1343562 0.2488147 0.3323173 0.3246429 0.3058066 0.3042665 0.3048968 0.2966664 0.3241198 0.3121412 8.9999982 8.9999984 0.3077472 0.3110787 0.3244294 0.1609891 0.3454913 0.3057339 0.3256120 8.9999985 8.9999989 0.3389280 0.3143435 8.9999986 0.3541365 0.3538297 8.9999982 8.9999986 8.9999987 8.9999986 8.9999986 8.9999986 8.9999980 8.9999987 0.3052431 0.3247938 0.3989126 
Ancylis_achatana              8.9999988 8.9999987 0.2031718 8.9999986 0.0000000 8.9999989 0.1908736 0.2992660 0.1824741 8.9999980 0.1829412 8.9999982 8.9999987 8.9999984 8.9999988 8.9999986 8.9999986 8.9999981 8.9999989 8.9999985 8.9999981 8.9999990 8.9999988 8.9999983 8.9999989 8.9999990 8.9999981 8.9999981 8.9999980 0.1898231 0.1728097 8.9999988 8.9999982 8.9999986 8.9999988 8.9999988 8.9999990 8.9999985 8.9999988 8.9999983 8.9999982 8.9999986 8.9999986 8.9999981 8.9999988 8.9999981 8.9999988 8.9999988 8.9999987 0.1941841 0.1904794 8.9999980 8.9999989 8.9999980 8.9999986 8.9999990 8.9999981 8.9999984 0.1759999 0.3812224 8.9999989 8.9999981 0.1694808 8.9999986 8.9999987 0.3261585 0.3196523 0.3408534 0.3218681 0.3211870 0.3380047 0.2727905 0.2680651 8.9999990 8.9999986 8.9999987 
Ancylis_sativa                0.2023803 0.2098557 8.9999984 0.3421740 8.9999989 0.0000000 8.9999988 8.9999985 8.9999984 0.2003500 8.9999984 0.3310249 0.1837264 0.2143538 0.3270485 0.3783446 0.3319716 0.1976392 0.1871059 0.2013957 0.2014178 0.1868673 0.1871035 0.1953153 0.1961543 0.3276751 0.2060596 0.1917926 0.2977792 8.9999984 8.9999984 0.2127710 0.1967273 0.3441917 0.3388238 0.2167967 0.1819490 0.1962225 0.1828724 0.3464091 0.3447707 0.1991441 0.3375377 0.1812087 0.1798705 0.1886845 0.1783811 0.3295944 0.1840826 8.9999983 8.9999990 0.3346338 0.1861945 0.3224567 0.3681143 0.3330988 0.1906272 0.2039730 8.9999990 8.9999989 0.3262768 0.2129537 8.9999983 0.3671046 0.3452685 8.9999989 8.9999982 8.9999987 8.9999982 8.9999981 8.9999986 8.9999984 8.9999987 0.2963428 0.3227933 0.3933733 
Aphelia_paleana               8.9999989 8.9999987 0.1968906 8.9999984 0.1908736 8.9999988 0.0000000 0.3070361 0.2028871 8.9999984 0.1359141 8.9999983 8.9999988 8.9999988 8.9999981 8.9999987 8.9999986 8.9999985 8.9999983 8.9999989 8.9999986 8.9999984 8.9999982 8.9999988 8.9999981 8.9999986 8.9999986 8.9999987 8.9999988 0.2137186 0.1986011 8.9999988 8.9999985 8.9999986 8.9999984 8.9999990 8.9999985 8.9999989 8.9999990 8.9999982 8.9999986 8.9999989 8.9999989 8.9999985 8.9999981 8.9999986 8.9999990 8.9999986 8.9999980 0.1546164 0.1517351 8.9999986 8.9999990 8.9999980 8.9999987 8.9999987 8.9999984 8.9999987 0.2097732 0.3927492 8.9999989 8.9999987 0.1747754 8.9999987 8.9999987 0.3307708 0.3371485 0.3451164 0.3371692 0.3349308 0.3448226 0.2827859 0.2757458 8.9999983 8.9999984 8.9999988 
Apoda_limacodes               8.9999986 8.9999985 0.2947697 8.9999986 0.2992660 8.9999985 0.3070361 0.0000000 0.2999394 8.9999985 0.2962992 8.9999984 8.9999981 8.9999984 8.9999987 8.9999987 8.9999989 8.9999982 8.9999981 8.9999986 8.9999984 8.9999983 8.9999990 8.9999984 8.9999984 8.9999986 8.9999982 8.9999987 8.9999988 0.3237826 0.2967371 8.9999981 8.9999985 8.9999987 8.9999987 8.9999983 8.9999984 8.9999985 8.9999981 8.9999986 8.9999982 8.9999990 8.9999985 8.9999986 8.9999982 8.9999985 8.9999981 8.9999986 8.9999981 0.3076562 0.3049334 8.9999985 8.9999984 8.9999984 8.9999987 8.9999985 8.9999984 8.9999988 0.2896720 0.3810523 8.9999987 8.9999986 0.2668123 8.9999986 8.9999987 0.2955095 0.2985572 0.3132636 0.3035138 0.3001421 0.3131096 0.2721933 0.2606776 8.9999986 8.9999988 8.9999987 
Apotomis_betuletana           8.9999981 8.9999984 0.2106617 8.9999986 0.1824741 8.9999984 0.2028871 0.2999394 0.0000000 8.9999986 0.1942161 8.9999983 8.9999982 8.9999990 8.9999983 8.9999988 8.9999987 8.9999989 8.9999985 8.9999984 8.9999987 8.9999985 8.9999982 8.9999982 8.9999987 8.9999987 8.9999980 8.9999989 8.9999982 0.1826136 0.1710610 8.9999980 8.9999989 8.9999987 8.9999986 8.9999988 8.9999987 8.9999988 8.9999982 8.9999986 8.9999986 8.9999986 8.9999986 8.9999986 8.9999983 8.9999988 8.9999986 8.9999987 8.9999984 0.2108984 0.1992638 8.9999985 8.9999987 8.9999986 8.9999987 8.9999987 8.9999987 8.9999990 0.1802400 0.3818361 8.9999986 8.9999989 0.1808663 8.9999987 8.9999987 0.3270104 0.3271965 0.3416048 0.3404042 0.3395422 0.3400398 0.2811052 0.2723075 8.9999989 8.9999986 8.9999988 
Archips_podanus               0.1471386 0.1536327 8.9999985 0.3005411 8.9999980 0.2003500 8.9999984 8.9999985 8.9999986 0.0000000 8.9999989 0.3089582 0.1770689 0.1745818 0.2837354 0.3451587 0.2896470 0.1134614 0.1031446 0.1161314 0.1186034 0.0989941 0.0999049 0.1109259 0.1329041 0.3010720 0.1734998 0.1756342 0.2615328 8.9999990 8.9999984 0.2051604 0.1164367 0.3182741 0.3059097 0.1869006 0.1688114 0.1978945 0.1696979 0.3233927 0.3100600 0.1939051 0.3132033 0.1739174 0.1649487 0.1708700 0.1628504 0.3026801 0.1803089 8.9999984 8.9999984 0.3086078 0.1740072 0.2881609 0.3478979 0.3015465 0.1832644 0.2019251 8.9999990 8.9999987 0.2977525 0.1952347 8.9999987 0.3262542 0.3197327 8.9999984 8.9999984 8.9999990 8.9999987 8.9999986 8.9999984 8.9999984 8.9999987 0.2683279 0.2900131 0.3612712 
Cacoecimorpha_pronubana       8.9999981 8.9999980 0.1983618 8.9999983 0.1829412 8.9999984 0.1359141 0.2962992 0.1942161 8.9999989 0.0000000 8.9999984 8.9999985 8.9999989 8.9999981 8.9999986 8.9999982 8.9999987 8.9999986 8.9999990 8.9999987 8.9999987 8.9999986 8.9999989 8.9999987 8.9999988 8.9999989 8.9999989 8.9999981 0.2037281 0.1898255 8.9999990 8.9999988 8.9999986 8.9999990 8.9999982 8.9999988 8.9999982 8.9999985 8.9999984 8.9999981 8.9999981 8.9999988 8.9999988 8.9999986 8.9999989 8.9999986 8.9999988 8.9999985 0.1549643 0.1467049 8.9999984 8.9999986 8.9999985 8.9999988 8.9999989 8.9999989 8.9999989 0.1917778 0.3730269 8.9999988 8.9999989 0.1609391 8.9999983 8.9999986 0.3099407 0.3165177 0.3276110 0.3148441 0.3173623 0.3266443 0.2642742 0.2637365 8.9999987 8.9999990 8.9999986 
Carposina_sasakii             0.3245946 0.3221436 8.9999985 0.3550455 8.9999982 0.3310249 8.9999983 8.9999984 8.9999983 0.3089582 8.9999984 0.0000000 0.3126694 0.3107019 0.3312507 0.3945300 0.3067130 0.3017126 0.2913065 0.3060397 0.3029615 0.2907122 0.2943195 0.3008191 0.3037750 0.3430263 0.2973969 0.3138340 0.3075097 8.9999986 8.9999984 0.3378893 0.3074819 0.3747452 0.3557672 0.3234284 0.3153928 0.3384744 0.3056377 0.3715684 0.3493653 0.3313964 0.3528427 0.3071222 0.3183269 0.3277190 0.3038368 0.3421428 0.3182379 8.9999986 8.9999988 0.3412566 0.3140191 0.3428900 0.3898140 0.3603061 0.3154691 0.3269305 8.9999989 8.9999989 0.3505305 0.3278184 8.9999985 0.3671669 0.3712244 8.9999983 8.9999983 8.9999987 8.9999989 8.9999988 8.9999986 8.9999987 8.9999989 0.3030979 0.3426266 0.4108329 
Celypha_sp.                   0.1802918 0.1811943 8.9999989 0.3056735 8.9999987 0.1837264 8.9999988 8.9999981 8.9999982 0.1770689 8.9999985 0.3126694 0.0000000 0.1942507 0.2901538 0.3521735 0.3029605 0.1711796 0.1623099 0.1780483 0.1783172 0.1594430 0.1598573 0.1698842 0.1758096 0.3032775 0.1753333 0.1554925 0.2656471 8.9999984 8.9999989 0.1326377 0.1655202 0.3175458 0.3078840 0.1908000 0.1564250 0.1705316 0.1517781 0.3298812 0.3097424 0.1754607 0.3183459 0.1519589 0.1509152 0.1489611 0.1209964 0.3048844 0.0928114 8.9999981 8.9999980 0.3149646 0.0770713 0.2959806 0.3481521 0.3014469 0.1623516 0.1782650 8.9999987 8.9999987 0.2965560 0.1783160 8.9999983 0.3271659 0.3145991 8.9999981 8.9999981 8.9999982 8.9999984 8.9999984 8.9999984 8.9999989 8.9999980 0.2613119 0.2882305 0.3693178 
Cerace_xanthocosma            0.1811459 0.1878733 8.9999988 0.3040913 8.9999984 0.2143538 8.9999988 8.9999984 8.9999990 0.1745818 8.9999989 0.3107019 0.1942507 0.0000000 0.2805514 0.3380470 0.2934409 0.1740225 0.1631871 0.1791439 0.1791292 0.1610220 0.1604657 0.1711126 0.1793929 0.3028906 0.1903192 0.1904732 0.2705582 8.9999982 8.9999984 0.2143276 0.1689853 0.3175126 0.3068241 0.2004961 0.1877944 0.2193517 0.1836766 0.3284877 0.2997216 0.2093843 0.3160077 0.1928894 0.1878311 0.1925571 0.1815522 0.3036839 0.1923134 8.9999987 8.9999987 0.3195787 0.1890686 0.2988796 0.3425440 0.3103387 0.1966841 0.2177463 8.9999981 8.9999987 0.3064403 0.2054261 8.9999989 0.3350835 0.3282889 8.9999987 8.9999989 8.9999989 8.9999983 8.9999984 8.9999983 8.9999986 8.9999987 0.2715261 0.2953736 0.3613067 
Chalcidica_minea              0.2892334 0.2892680 8.9999983 0.3140690 8.9999988 0.3270485 8.9999981 8.9999987 8.9999983 0.2837354 8.9999981 0.3312507 0.2901538 0.2805514 0.0000000 0.3548270 0.2918538 0.2872321 0.2687211 0.2856798 0.2810255 0.2655960 0.2687398 0.2835195 0.2801596 0.3093240 0.2866947 0.2823489 0.1774482 8.9999984 8.9999985 0.3137603 0.2875505 0.3372304 0.3103209 0.3015796 0.2829986 0.3172481 0.2792516 0.3425172 0.2996459 0.3155856 0.3107286 0.2790128 0.2779224 0.2906894 0.2818252 0.3096160 0.2879370 8.9999985 8.9999984 0.3091689 0.2872923 0.3107043 0.3495373 0.3273630 0.2889693 0.3124140 8.9999982 8.9999988 0.3086224 0.2895757 8.9999980 0.3359096 0.1891973 8.9999980 8.9999982 8.9999985 8.9999988 8.9999983 8.9999989 8.9999987 8.9999980 0.2607831 0.3094943 0.3764961 
Chibiraga_houshuaii           0.3519150 0.3485675 8.9999987 0.3667009 8.9999986 0.3783446 8.9999987 8.9999987 8.9999988 0.3451587 8.9999986 0.3945300 0.3521735 0.3380470 0.3548270 0.0000000 0.3525316 0.3395019 0.3288865 0.3430706 0.3489776 0.3256622 0.3269496 0.3392992 0.3380427 0.2903075 0.3549835 0.3500228 0.3301743 8.9999988 8.9999987 0.3730939 0.3370386 0.3829194 0.3642063 0.3544765 0.3428901 0.3897804 0.3475653 0.3968263 0.3713699 0.3800874 0.2996152 0.3385532 0.3509363 0.3580093 0.3407013 0.2910914 0.3571545 8.9999987 8.9999987 0.3651069 0.3514892 0.1983790 0.4136743 0.2098577 0.3555626 0.3668228 8.9999986 8.9999981 0.2047342 0.3604268 8.9999990 0.3928300 0.3936460 8.9999987 8.9999987 8.9999989 8.9999988 8.9999988 8.9999988 8.9999987 8.9999988 0.3372386 0.3755794 0.4426567 
Choreutis_emplecta            0.2947740 0.2972574 8.9999987 0.3217130 8.9999986 0.3319716 8.9999986 8.9999989 8.9999987 0.2896470 8.9999982 0.3067130 0.3029605 0.2934409 0.2918538 0.3525316 0.0000000 0.2855382 0.2741819 0.2855801 0.2826123 0.2716577 0.2668801 0.2857882 0.2815502 0.3098731 0.2899365 0.2870495 0.2767745 8.9999987 8.9999986 0.3403340 0.2899978 0.3393655 0.3218657 0.3038865 0.2824639 0.3154553 0.2824161 0.3397921 0.3153975 0.3168974 0.3195635 0.2876393 0.2920625 0.2943849 0.2857299 0.3125398 0.3026390 8.9999987 8.9999987 0.3144247 0.3003012 0.3035742 0.3606879 0.3124270 0.3027234 0.3078402 8.9999985 8.9999980 0.3089310 0.3022325 8.9999987 0.3424625 0.3325095 8.9999986 8.9999986 8.9999986 8.9999986 8.9999986 8.9999986 8.9999986 8.9999987 0.2701013 0.3164412 0.3764500 
Choristoneura_biennis         0.1453906 0.1511948 8.9999984 0.3036553 8.9999981 0.1976392 8.9999985 8.9999982 8.9999989 0.1134614 8.9999987 0.3017126 0.1711796 0.1740225 0.2872321 0.3395019 0.2855382 0.0000000 0.0554816 0.0290756 0.0844898 0.0612048 0.0554762 0.0225612 0.1321208 0.3032509 0.1760860 0.1696721 0.2646792 8.9999987 8.9999983 0.2008867 0.1140839 0.3172303 0.3093876 0.1827229 0.1701951 0.1966826 0.1713148 0.3196558 0.3041831 0.1949660 0.3213001 0.1706410 0.1700206 0.1674270 0.1613849 0.3046362 0.1739726 8.9999985 8.9999984 0.3077379 0.1689499 0.2868870 0.3408330 0.2969849 0.1809381 0.1953201 8.9999989 8.9999987 0.2960203 0.1904099 8.9999987 0.3194273 0.3153693 8.9999983 8.9999984 8.9999985 8.9999986 8.9999985 8.9999987 8.9999982 8.9999985 0.2652211 0.2885818 0.3655655 
Choristoneura_conflictana     0.1341530 0.1365964 8.9999981 0.2888931 8.9999989 0.1871059 8.9999983 8.9999981 8.9999985 0.1031446 8.9999986 0.2913065 0.1623099 0.1631871 0.2687211 0.3288865 0.2741819 0.0554816 0.0000000 0.0610823 0.0736833 0.0476364 0.0412460 0.0532486 0.1201402 0.2916639 0.1639656 0.1598252 0.2480912 8.9999987 8.9999980 0.1886896 0.1028386 0.3002847 0.2901409 0.1722870 0.1608353 0.1871374 0.1548447 0.3084451 0.2861322 0.1807150 0.3064478 0.1592184 0.1530371 0.1582411 0.1496137 0.2936427 0.1631373 8.9999982 8.9999981 0.2956920 0.1574072 0.2774271 0.3263729 0.2920966 0.1679287 0.1826946 8.9999988 8.9999987 0.2834702 0.1790532 8.9999986 0.3023364 0.3065188 8.9999981 8.9999984 8.9999982 8.9999984 8.9999983 8.9999985 8.9999982 8.9999983 0.2519518 0.2729734 0.3444068 
Choristoneura_fumiferana      0.1486162 0.1525414 8.9999989 0.3019312 8.9999985 0.2013957 8.9999989 8.9999986 8.9999984 0.1161314 8.9999990 0.3060397 0.1780483 0.1791439 0.2856798 0.3430706 0.2855801 0.0290756 0.0610823 0.0000000 0.0897547 0.0621135 0.0608616 0.0276641 0.1374043 0.3065085 0.1775132 0.1708537 0.2651421 8.9999985 8.9999987 0.2037718 0.1155814 0.3200191 0.3073763 0.1846102 0.1745103 0.2007670 0.1778301 0.3192157 0.3030492 0.1982792 0.3237682 0.1732387 0.1677117 0.1707041 0.1628832 0.3084057 0.1783214 8.9999988 8.9999986 0.3057498 0.1702203 0.2888778 0.3427442 0.2962493 0.1817661 0.1971088 8.9999982 8.9999988 0.2990327 0.1948515 8.9999990 0.3193165 0.3185774 8.9999987 8.9999988 8.9999986 8.9999981 8.9999989 8.9999990 8.9999988 8.9999981 0.2707490 0.2904203 0.3664526 
Choristoneura_longicellana    0.1488973 0.1561922 8.9999984 0.3066457 8.9999981 0.2014178 8.9999986 8.9999984 8.9999987 0.1186034 8.9999987 0.3029615 0.1783172 0.1791292 0.2810255 0.3489776 0.2826123 0.0844898 0.0736833 0.0897547 0.0000000 0.0704748 0.0709234 0.0815760 0.1358741 0.3050293 0.1762132 0.1780828 0.2629966 8.9999989 8.9999984 0.2054072 0.1200817 0.3176568 0.3093620 0.1853832 0.1814470 0.2040737 0.1759728 0.3231341 0.3071518 0.2005710 0.3183970 0.1804091 0.1741222 0.1778981 0.1681636 0.3068105 0.1811940 8.9999986 8.9999985 0.3066266 0.1765380 0.3003916 0.3402428 0.3090935 0.1912451 0.2017148 8.9999989 8.9999988 0.3030740 0.1930537 8.9999987 0.3167686 0.3131557 8.9999982 8.9999985 8.9999987 8.9999986 8.9999984 8.9999987 8.9999985 8.9999985 0.2623986 0.2906900 0.3657106 
Choristoneura_metasequoiacola 0.1305492 0.1336560 8.9999983 0.2843154 8.9999990 0.1868673 8.9999984 8.9999983 8.9999985 0.0989941 8.9999987 0.2907122 0.1594430 0.1610220 0.2655960 0.3256622 0.2716577 0.0612048 0.0476364 0.0621135 0.0704748 0.0000000 0.0181117 0.0594614 0.1161175 0.2863834 0.1614974 0.1563345 0.2460215 8.9999986 8.9999980 0.1907298 0.1000586 0.3054831 0.2949028 0.1752622 0.1579159 0.1827915 0.1502372 0.3050139 0.2833396 0.1745526 0.3053521 0.1586509 0.1492301 0.1549999 0.1486093 0.2890069 0.1617510 8.9999983 8.9999983 0.2893305 0.1549158 0.2726204 0.3271453 0.2844740 0.1758568 0.1790986 8.9999988 8.9999987 0.2826593 0.1768170 8.9999987 0.3001181 0.3008309 8.9999983 8.9999984 8.9999986 8.9999985 8.9999983 8.9999984 8.9999983 8.9999985 0.2452727 0.2756802 0.3496173 
Choristoneura_murinana        0.1330131 0.1347014 8.9999990 0.2862859 8.9999988 0.1871035 8.9999982 8.9999990 8.9999982 0.0999049 8.9999986 0.2943195 0.1598573 0.1604657 0.2687398 0.3269496 0.2668801 0.0554762 0.0412460 0.0608616 0.0709234 0.0181117 0.0000000 0.0539074 0.1188337 0.2893545 0.1650209 0.1592862 0.2473326 8.9999984 8.9999989 0.1898875 0.1008375 0.3078695 0.2937738 0.1746180 0.1577900 0.1838947 0.1503847 0.3085404 0.2867725 0.1842338 0.3075295 0.1607848 0.1521091 0.1534003 0.1489930 0.2911781 0.1626872 8.9999980 8.9999990 0.2894508 0.1558760 0.2736298 0.3253950 0.2898197 0.1742074 0.1837420 8.9999987 8.9999987 0.2840571 0.1778054 8.9999985 0.3040781 0.3019407 8.9999990 8.9999980 8.9999987 8.9999982 8.9999981 8.9999981 8.9999990 8.9999982 0.2479876 0.2735279 0.3491661 
Choristoneura_pinus           0.1434959 0.1488016 8.9999986 0.2982565 8.9999983 0.1953153 8.9999988 8.9999984 8.9999982 0.1109259 8.9999989 0.3008191 0.1698842 0.1711126 0.2835195 0.3392992 0.2857882 0.0225612 0.0532486 0.0276641 0.0815760 0.0594614 0.0539074 0.0000000 0.1291279 0.3032424 0.1720304 0.1664973 0.2618867 8.9999981 8.9999985 0.1992521 0.1106975 0.3131447 0.3096517 0.1797422 0.1683532 0.1940781 0.1692182 0.3195686 0.2998764 0.1928665 0.3202804 0.1676863 0.1664745 0.1646469 0.1603282 0.3045384 0.1699103 8.9999988 8.9999986 0.3068348 0.1667068 0.2841492 0.3388044 0.2945495 0.1763035 0.1921066 8.9999990 8.9999988 0.2940070 0.1897655 8.9999988 0.3199204 0.3157856 8.9999985 8.9999986 8.9999989 8.9999989 8.9999986 8.9999988 8.9999987 8.9999988 0.2622391 0.2897542 0.3634027 
Clepsis_pallidana             0.1432758 0.1512008 8.9999982 0.2975458 8.9999989 0.1961543 8.9999981 8.9999984 8.9999987 0.1329041 8.9999987 0.3037750 0.1758096 0.1793929 0.2801596 0.3380427 0.2815502 0.1321208 0.1201402 0.1374043 0.1358741 0.1161175 0.1188337 0.1291279 0.0000000 0.2973499 0.1766976 0.1803874 0.2619483 8.9999988 8.9999984 0.1958337 0.1123486 0.3175136 0.3060178 0.1917115 0.1753211 0.1989355 0.1766546 0.3234540 0.3018184 0.1960158 0.3187770 0.1763303 0.1739097 0.1794206 0.1692363 0.2987996 0.1761642 8.9999983 8.9999982 0.3042293 0.1721412 0.2899206 0.3404142 0.3045359 0.1900321 0.2021274 8.9999989 8.9999987 0.2939958 0.1919458 8.9999987 0.3211430 0.3172960 8.9999983 8.9999985 8.9999987 8.9999985 8.9999985 8.9999986 8.9999982 8.9999985 0.2678573 0.2843308 0.3493950 
Cnidocampa_flavescens         0.3136140 0.3042181 8.9999986 0.3236643 8.9999990 0.3276751 8.9999986 8.9999986 8.9999987 0.3010720 8.9999988 0.3430263 0.3032775 0.3028906 0.3093240 0.2903075 0.3098731 0.3032509 0.2916639 0.3065085 0.3050293 0.2863834 0.2893545 0.3032424 0.2973499 0.0000000 0.2990216 0.3001428 0.2865676 8.9999987 8.9999986 0.3241943 0.3001467 0.3283078 0.3205659 0.3145343 0.3007966 0.3224478 0.2999925 0.3346776 0.3112064 0.3233579 0.2136165 0.2902371 0.3020672 0.2957720 0.2884125 0.0022823 0.3023599 8.9999987 8.9999986 0.3153315 0.3048997 0.2314131 0.3505848 0.2481897 0.3158358 0.3329561 8.9999984 8.9999981 0.2292626 0.3099804 8.9999989 0.3569435 0.3502630 8.9999986 8.9999987 8.9999988 8.9999987 8.9999987 8.9999987 8.9999986 8.9999986 0.2864741 0.3223987 0.3846115 
Cochylimorpha_cultana         0.1776194 0.1845957 8.9999986 0.3146928 8.9999981 0.2060596 8.9999986 8.9999982 8.9999980 0.1734998 8.9999989 0.2973969 0.1753333 0.1903192 0.2866947 0.3549835 0.2899365 0.1760860 0.1639656 0.1775132 0.1762132 0.1614974 0.1650209 0.1720304 0.1766976 0.2990216 0.0000000 0.1889417 0.2649152 8.9999987 8.9999988 0.2109948 0.1665461 0.3312727 0.3187589 0.1328728 0.1840600 0.2082634 0.1824143 0.3351349 0.3075166 0.2025503 0.3200808 0.1831835 0.1797000 0.1886404 0.1724856 0.3010647 0.1777264 8.9999987 8.9999986 0.3227540 0.1766250 0.2961057 0.3429717 0.3073684 0.1929771 0.2025325 8.9999981 8.9999988 0.3030545 0.2024703 8.9999989 0.3297721 0.3226182 8.9999988 8.9999987 8.9999980 8.9999982 8.9999990 8.9999981 8.9999988 8.9999988 0.2726924 0.2901554 0.3775456 
Cydia_pomonella               0.1753379 0.1871670 8.9999986 0.3127387 8.9999981 0.1917926 8.9999987 8.9999987 8.9999989 0.1756342 8.9999989 0.3138340 0.1554925 0.1904732 0.2823489 0.3500228 0.2870495 0.1696721 0.1598252 0.1708537 0.1780828 0.1563345 0.1592862 0.1664973 0.1803874 0.3001428 0.1889417 0.0000000 0.2692288 8.9999980 8.9999984 0.1838559 0.1641072 0.3263277 0.3067516 0.1965649 0.1313213 0.1564692 0.1209336 0.3227578 0.3215201 0.1817698 0.3176152 0.1233935 0.1522958 0.1308100 0.1492499 0.3030275 0.1567622 8.9999985 8.9999986 0.3125205 0.1556346 0.2984102 0.3452725 0.3096957 0.1528712 0.1633421 8.9999981 8.9999987 0.3095081 0.1740471 8.9999988 0.3354038 0.3143642 8.9999985 8.9999986 8.9999983 8.9999990 8.9999988 8.9999989 8.9999984 8.9999987 0.2685640 0.2927494 0.3700192 
Endoxyla_cinereus             0.2698241 0.2712515 8.9999981 0.2943158 8.9999980 0.2977792 8.9999988 8.9999988 8.9999982 0.2615328 8.9999981 0.3075097 0.2656471 0.2705582 0.1774482 0.3301743 0.2767745 0.2646792 0.2480912 0.2651421 0.2629966 0.2460215 0.2473326 0.2618867 0.2619483 0.2865676 0.2649152 0.2692288 0.0000000 8.9999985 8.9999989 0.3011982 0.2589399 0.3163985 0.2898897 0.2779876 0.2621993 0.3023164 0.2609533 0.3150573 0.2790134 0.2928352 0.2858313 0.2627933 0.2610117 0.2727830 0.2579572 0.2870944 0.2730173 8.9999990 8.9999982 0.2920536 0.2750139 0.2841903 0.3295213 0.2989797 0.2701699 0.2945995 8.9999984 8.9999987 0.2899135 0.2701272 8.9999989 0.3181843 0.2178638 8.9999989 8.9999984 8.9999986 8.9999980 8.9999985 8.9999986 8.9999987 8.9999985 0.2306669 0.2923326 0.3452274 
Epinotia_brunnichana          8.9999984 8.9999989 0.2101115 8.9999986 0.1898231 8.9999984 0.2137186 0.3237826 0.1826136 8.9999990 0.2037281 8.9999986 8.9999984 8.9999982 8.9999984 8.9999988 8.9999987 8.9999987 8.9999987 8.9999985 8.9999989 8.9999986 8.9999984 8.9999981 8.9999988 8.9999987 8.9999987 8.9999980 8.9999985 0.0000000 0.1107599 8.9999989 8.9999988 8.9999987 8.9999983 8.9999984 8.9999989 8.9999989 8.9999984 8.9999987 8.9999986 8.9999984 8.9999986 8.9999989 8.9999983 8.9999989 8.9999985 8.9999987 8.9999986 0.2167595 0.2084248 8.9999986 8.9999989 8.9999986 8.9999988 8.9999987 8.9999988 8.9999989 0.1662426 0.3859031 8.9999986 8.9999980 0.1916994 8.9999987 8.9999988 0.3415445 0.3444376 0.3572158 0.3509742 0.3492199 0.3562712 0.2943582 0.2865201 8.9999981 8.9999986 8.9999989 
Epinotia_demarniana           8.9999989 8.9999987 0.1920701 8.9999986 0.1728097 8.9999984 0.1986011 0.2967371 0.1710610 8.9999984 0.1898255 8.9999984 8.9999989 8.9999984 8.9999985 8.9999987 8.9999986 8.9999983 8.9999980 8.9999987 8.9999984 8.9999980 8.9999989 8.9999985 8.9999984 8.9999986 8.9999988 8.9999984 8.9999989 0.1107599 0.0000000 8.9999981 8.9999983 8.9999986 8.9999982 8.9999987 8.9999982 8.9999987 8.9999990 8.9999990 8.9999988 8.9999989 8.9999981 8.9999984 8.9999989 8.9999983 8.9999990 8.9999986 8.9999990 0.2051343 0.1977175 8.9999987 8.9999984 8.9999985 8.9999987 8.9999982 8.9999982 8.9999985 0.1470129 0.3720415 8.9999983 8.9999986 0.1723727 8.9999986 8.9999986 0.3174952 0.3206731 0.3411498 0.3277902 0.3292873 0.3372279 0.2729241 0.2702496 8.9999989 8.9999981 8.9999987 
Epinotia_rubiginosana         0.2068950 0.2094901 8.9999982 0.3360754 8.9999988 0.2127710 8.9999988 8.9999981 8.9999980 0.2051604 8.9999990 0.3378893 0.1326377 0.2143276 0.3137603 0.3730939 0.3403340 0.2008867 0.1886896 0.2037718 0.2054072 0.1907298 0.1898875 0.1992521 0.1958337 0.3241943 0.2109948 0.1838559 0.3011982 8.9999989 8.9999981 0.0000000 0.1922252 0.3487962 0.3403812 0.2229400 0.1891915 0.1969362 0.1800770 0.3541523 0.3301723 0.2007883 0.3392142 0.1811627 0.1825878 0.1853294 0.1514126 0.3254084 0.1401551 8.9999981 8.9999990 0.3367998 0.1343236 0.3231632 0.3766177 0.3233391 0.1894406 0.2040364 8.9999984 8.9999988 0.3273477 0.2096368 8.9999989 0.3599545 0.3440438 8.9999983 8.9999987 8.9999986 8.9999989 8.9999986 8.9999982 8.9999981 8.9999986 0.2930786 0.3181830 0.4061238 
Epiphyas_postvittana          0.1291959 0.1376516 8.9999986 0.2929013 8.9999982 0.1967273 8.9999985 8.9999985 8.9999989 0.1164367 8.9999988 0.3074819 0.1655202 0.1689853 0.2875505 0.3370386 0.2899978 0.1140839 0.1028386 0.1155814 0.1200817 0.1000586 0.1008375 0.1106975 0.1123486 0.3001467 0.1665461 0.1641072 0.2589399 8.9999988 8.9999983 0.1922252 0.0000000 0.3096673 0.2929266 0.1854793 0.1615835 0.1916475 0.1636193 0.3057910 0.3018547 0.1827586 0.3171402 0.1639083 0.1545305 0.1593531 0.1537811 0.3015450 0.1671087 8.9999984 8.9999985 0.3074430 0.1624256 0.2910706 0.3343491 0.3011720 0.1751451 0.1848680 8.9999980 8.9999988 0.3016567 0.1878226 8.9999987 0.3173377 0.3162675 8.9999983 8.9999984 8.9999985 8.9999987 8.9999986 8.9999987 8.9999984 8.9999987 0.2624426 0.2900313 0.3588301 
Erasmia_pulchella             0.3228034 0.3209869 8.9999986 0.1052887 8.9999986 0.3441917 8.9999986 8.9999987 8.9999987 0.3182741 8.9999986 0.3747452 0.3175458 0.3175126 0.3372304 0.3829194 0.3393655 0.3172303 0.3002847 0.3200191 0.3176568 0.3054831 0.3078695 0.3131447 0.3175136 0.3283078 0.3312727 0.3263277 0.3163985 8.9999987 8.9999986 0.3487962 0.3096673 0.0000000 0.1360402 0.3453241 0.3259731 0.3440251 0.3161159 0.1504529 0.2720028 0.3424025 0.3384666 0.3181480 0.3211471 0.3250756 0.3139284 0.3283482 0.3270941 8.9999986 8.9999986 0.3356045 0.3258980 0.3413055 0.1717290 0.3596238 0.3129631 0.3360030 8.9999990 8.9999981 0.3529623 0.3351219 8.9999981 0.3612656 0.3659984 8.9999987 8.9999987 8.9999988 8.9999988 8.9999987 8.9999988 8.9999987 8.9999988 0.3169098 0.3438171 0.4151643 
Eterusia_aedea                0.3149180 0.3088393 8.9999983 0.1219865 8.9999988 0.3388238 8.9999984 8.9999987 8.9999986 0.3059097 8.9999990 0.3557672 0.3078840 0.3068241 0.3103209 0.3642063 0.3218657 0.3093876 0.2901409 0.3073763 0.3093620 0.2949028 0.2937738 0.3096517 0.3060178 0.3205659 0.3187589 0.3067516 0.2898897 8.9999983 8.9999982 0.3403812 0.2929266 0.1360402 0.0000000 0.3219913 0.3057966 0.3356463 0.3060245 0.1115083 0.2448582 0.3281951 0.3225609 0.3036969 0.3056548 0.3099174 0.3010151 0.3209430 0.3143383 8.9999986 8.9999986 0.3135424 0.3121080 0.3251603 0.1596578 0.3339637 0.3012955 0.3195790 8.9999989 8.9999989 0.3319602 0.3141327 8.9999990 0.3550669 0.3528849 8.9999981 8.9999986 8.9999987 8.9999986 8.9999986 8.9999986 8.9999986 8.9999987 0.3047663 0.3245654 0.4022119 
Eugnosta_dives                0.1947757 0.1975743 8.9999982 0.3252213 8.9999988 0.2167967 8.9999990 8.9999983 8.9999988 0.1869006 8.9999982 0.3234284 0.1908000 0.2004961 0.3015796 0.3544765 0.3038865 0.1827229 0.1722870 0.1846102 0.1853832 0.1752622 0.1746180 0.1797422 0.1917115 0.3145343 0.1328728 0.1965649 0.2779876 8.9999984 8.9999987 0.2229400 0.1854793 0.3453241 0.3219913 0.0000000 0.1949501 0.2134949 0.1902203 0.3360475 0.3259447 0.2100537 0.3263128 0.1975458 0.1882270 0.1988376 0.1860682 0.3169717 0.1918900 8.9999986 8.9999987 0.3242855 0.1896102 0.3012662 0.3574086 0.3232357 0.2070207 0.2219560 8.9999986 8.9999988 0.3174255 0.2128742 8.9999983 0.3422849 0.3274536 8.9999986 8.9999987 8.9999986 8.9999984 8.9999982 8.9999985 8.9999985 8.9999990 0.2705038 0.3045118 0.3931876 
Grapholita_delineana          0.1740260 0.1798631 8.9999982 0.3089280 8.9999990 0.1819490 8.9999985 8.9999984 8.9999987 0.1688114 8.9999988 0.3153928 0.1564250 0.1877944 0.2829986 0.3428901 0.2824639 0.1701951 0.1608353 0.1745103 0.1814470 0.1579159 0.1577900 0.1683532 0.1753211 0.3007966 0.1840600 0.1313213 0.2621993 8.9999989 8.9999982 0.1891915 0.1615835 0.3259731 0.3057966 0.1949501 0.0000000 0.1627439 0.1267078 0.3266720 0.3121809 0.1804317 0.3156148 0.1375605 0.1433533 0.1356244 0.1491726 0.3018279 0.1596055 8.9999985 8.9999984 0.3149118 0.1560780 0.2874960 0.3340923 0.3016247 0.1529904 0.1706710 8.9999989 8.9999987 0.3062894 0.1697948 8.9999986 0.3368141 0.3192136 8.9999984 8.9999982 8.9999980 8.9999987 8.9999986 8.9999984 8.9999982 8.9999987 0.2590139 0.2928153 0.3644448 
Grapholita_funebrana          0.2001095 0.2056251 8.9999986 0.3387086 8.9999985 0.1962225 8.9999989 8.9999985 8.9999988 0.1978945 8.9999982 0.3384744 0.1705316 0.2193517 0.3172481 0.3897804 0.3154553 0.1966826 0.1871374 0.2007670 0.2040737 0.1827915 0.1838947 0.1940781 0.1989355 0.3224478 0.2082634 0.1564692 0.3023164 8.9999989 8.9999987 0.1969362 0.1916475 0.3440251 0.3356463 0.2134949 0.1627439 0.0000000 0.1370316 0.3475422 0.3403805 0.2081517 0.3524891 0.1537501 0.1732813 0.1561264 0.1708874 0.3245136 0.1708922 8.9999985 8.9999990 0.3438927 0.1772114 0.3335069 0.3696074 0.3330321 0.1731369 0.1905003 8.9999983 8.9999988 0.3406351 0.2015630 8.9999989 0.3606015 0.3333452 8.9999985 8.9999987 8.9999980 8.9999985 8.9999989 8.9999990 8.9999988 8.9999985 0.2940329 0.3163998 0.3944615 
Grapholita_molesta            0.1753002 0.1773062 8.9999990 0.3052532 8.9999988 0.1828724 8.9999990 8.9999981 8.9999982 0.1696979 8.9999985 0.3056377 0.1517781 0.1836766 0.2792516 0.3475653 0.2824161 0.1713148 0.1548447 0.1778301 0.1759728 0.1502372 0.1503847 0.1692182 0.1766546 0.2999925 0.1824143 0.1209336 0.2609533 8.9999984 8.9999990 0.1800770 0.1636193 0.3161159 0.3060245 0.1902203 0.1267078 0.1370316 0.0000000 0.3202152 0.3025083 0.1837622 0.3111764 0.1246945 0.1423850 0.1229019 0.1496886 0.3021298 0.1577928 8.9999981 8.9999981 0.3060886 0.1557509 0.2962877 0.3435024 0.3002210 0.1494155 0.1633195 8.9999986 8.9999987 0.3015306 0.1698826 8.9999984 0.3225586 0.3109880 8.9999989 8.9999990 8.9999986 8.9999983 8.9999990 8.9999980 8.9999989 8.9999980 0.2549223 0.2851364 0.3659316 
Histia_rhodope                0.3272363 0.3281450 8.9999986 0.1343562 8.9999983 0.3464091 8.9999982 8.9999986 8.9999986 0.3233927 8.9999984 0.3715684 0.3298812 0.3284877 0.3425172 0.3968263 0.3397921 0.3196558 0.3084451 0.3192157 0.3231341 0.3050139 0.3085404 0.3195686 0.3234540 0.3346776 0.3351349 0.3227578 0.3150573 8.9999987 8.9999990 0.3541523 0.3057910 0.1504529 0.1115083 0.3360475 0.3266720 0.3475422 0.3202152 0.0000000 0.2617440 0.3452292 0.3424042 0.3151870 0.3262221 0.3230732 0.3174726 0.3353387 0.3341564 8.9999986 8.9999987 0.3272506 0.3304796 0.3455483 0.1755914 0.3627232 0.3154208 0.3317623 8.9999985 8.9999990 0.3495188 0.3348139 8.9999989 0.3734804 0.3747074 8.9999986 8.9999986 8.9999987 8.9999987 8.9999987 8.9999987 8.9999987 8.9999987 0.3237408 0.3485199 0.4142716 
Illiberis_pruni               0.3122642 0.3084956 8.9999986 0.2488147 8.9999982 0.3447707 8.9999986 8.9999982 8.9999986 0.3100600 8.9999981 0.3493653 0.3097424 0.2997216 0.2996459 0.3713699 0.3153975 0.3041831 0.2861322 0.3030492 0.3071518 0.2833396 0.2867725 0.2998764 0.3018184 0.3112064 0.3075166 0.3215201 0.2790134 8.9999986 8.9999988 0.3301723 0.3018547 0.2720028 0.2448582 0.3259447 0.3121809 0.3403805 0.3025083 0.2617440 0.0000000 0.3411304 0.3199834 0.3109454 0.3052167 0.3116888 0.2987475 0.3131659 0.3092516 8.9999980 8.9999984 0.2867593 0.3089390 0.3081836 0.2859687 0.3157075 0.3106111 0.3267865 8.9999984 8.9999989 0.3062836 0.3144131 8.9999990 0.3405751 0.3552394 8.9999986 8.9999986 8.9999987 8.9999986 8.9999986 8.9999986 8.9999982 8.9999986 0.2925801 0.3273672 0.3868751 
Kennelia_xylinana             0.1989368 0.2006004 8.9999985 0.3323173 8.9999986 0.1991441 8.9999989 8.9999990 8.9999986 0.1939051 8.9999981 0.3313964 0.1754607 0.2093843 0.3155856 0.3800874 0.3168974 0.1949660 0.1807150 0.1982792 0.2005710 0.1745526 0.1842338 0.1928665 0.1960158 0.3233579 0.2025503 0.1817698 0.2928352 8.9999984 8.9999989 0.2007883 0.1827586 0.3424025 0.3281951 0.2100537 0.1804317 0.2081517 0.1837622 0.3452292 0.3411304 0.0000000 0.3407506 0.1734828 0.1749282 0.1815772 0.1699757 0.3247842 0.1807928 8.9999980 8.9999980 0.3373671 0.1727906 0.3233496 0.3653502 0.3280006 0.1835004 0.2072518 8.9999983 8.9999989 0.3403400 0.1957964 8.9999988 0.3657698 0.3398081 8.9999986 8.9999986 8.9999986 8.9999987 8.9999982 8.9999983 8.9999981 8.9999990 0.2956586 0.3010925 0.3922077 
Latoia_hilarata               0.3248340 0.3216180 8.9999985 0.3246429 8.9999986 0.3375377 8.9999989 8.9999985 8.9999986 0.3132033 8.9999988 0.3528427 0.3183459 0.3160077 0.3107286 0.2996152 0.3195635 0.3213001 0.3064478 0.3237682 0.3183970 0.3053521 0.3075295 0.3202804 0.3187770 0.2136165 0.3200808 0.3176152 0.2858313 8.9999986 8.9999981 0.3392142 0.3171402 0.3384666 0.3225609 0.3263128 0.3156148 0.3524891 0.3111764 0.3424042 0.3199834 0.3407506 0.0000000 0.3124521 0.3175333 0.3205867 0.3180861 0.2145124 0.3177521 8.9999986 8.9999989 0.3207761 0.3226146 0.2556873 0.3570700 0.2627153 0.3260703 0.3431706 8.9999982 8.9999989 0.2514819 0.3217399 8.9999986 0.3656514 0.3449863 8.9999986 8.9999986 8.9999987 8.9999986 8.9999986 8.9999987 8.9999984 8.9999989 0.2997890 0.3388178 0.4109304 
Leguminivora_glycinivorella   0.1786707 0.1792484 8.9999984 0.3058066 8.9999981 0.1812087 8.9999985 8.9999986 8.9999986 0.1739174 8.9999988 0.3071222 0.1519589 0.1928894 0.2790128 0.3385532 0.2876393 0.1706410 0.1592184 0.1732387 0.1804091 0.1586509 0.1607848 0.1676863 0.1763303 0.2902371 0.1831835 0.1233935 0.2627933 8.9999989 8.9999984 0.1811627 0.1639083 0.3181480 0.3036969 0.1975458 0.1375605 0.1537501 0.1246945 0.3151870 0.3109454 0.1734828 0.3124521 0.0000000 0.1429460 0.1319777 0.1463280 0.2926161 0.1527302 8.9999984 8.9999985 0.3055755 0.1510403 0.2895402 0.3328079 0.3057869 0.1527545 0.1694639 8.9999989 8.9999987 0.2981468 0.1714861 8.9999986 0.3188660 0.3121725 8.9999987 8.9999986 8.9999985 8.9999988 8.9999986 8.9999988 8.9999986 8.9999988 0.2604413 0.2938190 0.3699511 
Loboschiza_koenigiana         0.1713275 0.1753057 8.9999981 0.3042665 8.9999988 0.1798705 8.9999981 8.9999982 8.9999983 0.1649487 8.9999986 0.3183269 0.1509152 0.1878311 0.2779224 0.3509363 0.2920625 0.1700206 0.1530371 0.1677117 0.1741222 0.1492301 0.1521091 0.1664745 0.1739097 0.3020672 0.1797000 0.1522958 0.2610117 8.9999983 8.9999989 0.1825878 0.1545305 0.3211471 0.3056548 0.1882270 0.1433533 0.1732813 0.1423850 0.3262221 0.3052167 0.1749282 0.3175333 0.1429460 0.0000000 0.1452252 0.1466796 0.3043139 0.1551624 8.9999982 8.9999982 0.3025461 0.1518064 0.2932082 0.3360682 0.2956757 0.1591907 0.1735862 8.9999987 8.9999987 0.2978340 0.1742707 8.9999986 0.3331308 0.3161009 8.9999982 8.9999984 8.9999989 8.9999985 8.9999984 8.9999985 8.9999990 8.9999987 0.2574901 0.2901525 0.3581279 
Matsumuraeses_phaseoli        0.1736382 0.1812962 8.9999985 0.3048968 8.9999981 0.1886845 8.9999986 8.9999985 8.9999988 0.1708700 8.9999989 0.3277190 0.1489611 0.1925571 0.2906894 0.3580093 0.2943849 0.1674270 0.1582411 0.1707041 0.1778981 0.1549999 0.1534003 0.1646469 0.1794206 0.2957720 0.1886404 0.1308100 0.2727830 8.9999989 8.9999983 0.1853294 0.1593531 0.3250756 0.3099174 0.1988376 0.1356244 0.1561264 0.1229019 0.3230732 0.3116888 0.1815772 0.3205867 0.1319777 0.1452252 0.0000000 0.1482695 0.2982165 0.1521437 8.9999985 8.9999988 0.3182671 0.1501278 0.3035471 0.3532574 0.3111983 0.1535384 0.1699747 8.9999981 8.9999987 0.3115929 0.1758187 8.9999987 0.3346375 0.3163922 8.9999986 8.9999984 8.9999985 8.9999988 8.9999988 8.9999988 8.9999984 8.9999987 0.2704734 0.3031817 0.3762703 
Meiligma_sp.                  0.1700306 0.1747901 8.9999981 0.2966664 8.9999988 0.1783811 8.9999990 8.9999981 8.9999986 0.1628504 8.9999986 0.3038368 0.1209964 0.1815522 0.2818252 0.3407013 0.2857299 0.1613849 0.1496137 0.1628832 0.1681636 0.1486093 0.1489930 0.1603282 0.1692363 0.2884125 0.1724856 0.1492499 0.2579572 8.9999985 8.9999990 0.1514126 0.1537811 0.3139284 0.3010151 0.1860682 0.1491726 0.1708874 0.1496886 0.3174726 0.2987475 0.1699757 0.3180861 0.1463280 0.1466796 0.1482695 0.0000000 0.2899502 0.1218876 8.9999982 8.9999982 0.2971805 0.1195762 0.2907172 0.3473569 0.2979068 0.1622226 0.1742413 8.9999988 8.9999986 0.2941238 0.1663057 8.9999985 0.3190328 0.3168402 8.9999983 8.9999984 8.9999987 8.9999985 8.9999985 8.9999986 8.9999980 8.9999982 0.2622036 0.2801179 0.3577563 
Monema_flavescens             0.3150656 0.3064020 8.9999986 0.3241198 8.9999988 0.3295944 8.9999986 8.9999986 8.9999987 0.3026801 8.9999988 0.3421428 0.3048844 0.3036839 0.3096160 0.2910914 0.3125398 0.3046362 0.2936427 0.3084057 0.3068105 0.2890069 0.2911781 0.3045384 0.2987996 0.0022823 0.3010647 0.3030275 0.2870944 8.9999987 8.9999986 0.3254084 0.3015450 0.3283482 0.3209430 0.3169717 0.3018279 0.3245136 0.3021298 0.3353387 0.3131659 0.3247842 0.2145124 0.2926161 0.3043139 0.2982165 0.2899502 0.0000000 0.3044816 8.9999987 8.9999986 0.3156952 0.3071409 0.2316940 0.3517722 0.2494419 0.3173371 0.3347795 8.9999986 8.9999981 0.2304127 0.3127662 8.9999989 0.3574451 0.3504797 8.9999986 8.9999987 8.9999988 8.9999987 8.9999987 8.9999987 8.9999986 8.9999986 0.2875378 0.3242730 0.3861805 
Olethreutes_sp.               0.1805336 0.1852478 8.9999990 0.3121412 8.9999987 0.1840826 8.9999980 8.9999981 8.9999984 0.1803089 8.9999985 0.3182379 0.0928114 0.1923134 0.2879370 0.3571545 0.3026390 0.1739726 0.1631373 0.1783214 0.1811940 0.1617510 0.1626872 0.1699103 0.1761642 0.3023599 0.1777264 0.1567622 0.2730173 8.9999986 8.9999990 0.1401551 0.1671087 0.3270941 0.3143383 0.1918900 0.1596055 0.1708922 0.1577928 0.3341564 0.3092516 0.1807928 0.3177521 0.1527302 0.1551624 0.1521437 0.1218876 0.3044816 0.0000000 8.9999981 8.9999990 0.3128785 0.0915561 0.3008267 0.3543266 0.3066712 0.1615865 0.1792922 8.9999987 8.9999987 0.3008494 0.1820378 8.9999984 0.3321241 0.3176986 8.9999982 8.9999981 8.9999982 8.9999984 8.9999984 8.9999984 8.9999989 8.9999982 0.2609897 0.2926345 0.3705562 
Pandemis_cinnamomeana         8.9999983 8.9999990 0.2052621 8.9999982 0.1941841 8.9999983 0.1546164 0.3076562 0.2108984 8.9999984 0.1549643 8.9999986 8.9999981 8.9999987 8.9999985 8.9999987 8.9999987 8.9999985 8.9999982 8.9999988 8.9999986 8.9999983 8.9999980 8.9999988 8.9999983 8.9999987 8.9999987 8.9999985 8.9999990 0.2167595 0.2051343 8.9999981 8.9999984 8.9999986 8.9999986 8.9999986 8.9999985 8.9999985 8.9999981 8.9999986 8.9999980 8.9999980 8.9999986 8.9999984 8.9999982 8.9999985 8.9999982 8.9999987 8.9999981 0.0000000 0.0845516 8.9999990 8.9999984 8.9999987 8.9999987 8.9999986 8.9999986 8.9999988 0.2096553 0.3947329 8.9999988 8.9999988 0.1737330 8.9999987 8.9999988 0.3379564 0.3320279 0.3563647 0.3443070 0.3403866 0.3565720 0.2910443 0.2818591 8.9999989 8.9999986 8.9999987 
