101
Acleris_fimbriana             0.0000000 0.1855583 0.1855743 8.9999982 8.9999981 8.9999990 0.2967462 8.9999984 0.2062252 8.9999981 8.9999988 8.9999981 0.1808834 0.2086373 8.9999989 0.3117567 0.1861825 0.1864554 0.1898846 0.2819337 0.3422109 0.2765145 8.9999988 0.1830238 0.1722818 0.1853773 0.1863501 0.1630283 0.1679727 0.1706127 0.1810885 0.1701915 0.1880992 0.2932561 0.1757326 0.1884964 0.1853504 0.2586474 0.3200370 8.9999982 8.9999982 8.9999982 8.9999980 8.9999985 8.9999985 0.2157313 0.1719894 0.3123240 0.3001514 0.1967204 0.1861211 0.1879266 0.2035134 0.1857371 0.3116042 0.3014974 0.2985078 0.2136297 0.3115636 0.1850099 0.1835274 0.1838238 0.1789146 0.2943581 0.2805079 0.1930141 8.9999981 8.9999980 0.3151474 0.3280214 0.3059901 0.1856852 0.2936022 8.9999983 0.3399498 0.2960990 0.1892041 0.2061269 8.9999986 8.9999982 0.3159029 0.2953600 0.2066138 0.1993709 8.9999990 0.3304056 0.3111792 8.9999985 8.9999981 8.9999982 8.9999983 8.9999986 8.9999981 8.9999982 8.9999983 8.9999983 8.9999990 8.9999982 0.2660768 0.2846470 0.3567180 
Adoxophyes_honmai             0.1855583 0.0000000 0.0831955 8.9999985 8.9999983 8.9999982 0.2936606 8.9999982 0.1937146 8.9999983 8.9999984 8.9999985 0.1416161 0.1890357 8.9999988 0.3070463 0.1714467 0.1728914 0.1737316 0.2743885 0.3321294 0.2792338 8.9999981 0.1399415 0.1292195 0.1429695 0.1433143 0.1257950 0.1281787 0.1287205 0.1381681 0.1318647 0.1379296 0.2970238 0.1669920 0.1702840 0.1682143 0.2564022 0.3074234 8.9999980 8.9999985 8.9999986 8.9999982 8.9999987 8.9999988 0.1980146 0.1245794 0.3055455 0.2981862 0.1865115 0.1669021 0.1710299 0.1916959 0.1681610 0.3097035 0.2955383 0.2988878 0.1904367 0.3073021 0.1712672 0.1643675 0.1665891 0.1631918 0.2983630 0.2829901 0.1731589 8.9999984 8.9999983 0.3100378 0.3327498 0.3004867 0.1740676 0.2866409 8.9999986 0.3376210 0.3004997 0.1789952 0.1983250 8.9999982 8.9999981 0.3071627 0.2907807 0.1903076 0.1831285 8.9999986 0.3113514 0.3083317 8.9999986 8.9999984 8.9999984 8.9999986 8.9999987 8.9999984 8.9999985 8.9999984 8.9999985 8.9999983 8.9999985 0.2577834 0.2783008 0.3511851 
Adoxophyes_orana              0.1855743 0.0831955 0.0000000 8.9999984 8.9999982 8.9999982 0.2925342 8.9999982 0.2007465 8.9999982 8.9999984 8.9999984 0.1477677 0.1972012 8.9999985 0.3047749 0.1743437 0.1737434 0.1800412 0.2745093 0.3291110 0.2815935 8.9999990 0.1454196 0.1315251 0.1466757 0.1501964 0.1287716 0.1297667 0.1342321 0.1431806 0.1367547 0.1454472 0.2884473 0.1739991 0.1769165 0.1793724 0.2578189 0.3097573 8.9999990 8.9999984 8.9999985 8.9999981 8.9999987 8.9999987 0.2004731 0.1325697 0.3039293 0.2925880 0.1891596 0.1724435 0.1753560 0.1969037 0.1700371 0.3106209 0.2921479 0.2913536 0.1919808 0.3044015 0.1718118 0.1681496 0.1737915 0.1676766 0.2904695 0.2785705 0.1775964 8.9999983 8.9999982 0.3021981 0.3237149 0.3052515 0.1798231 0.2825407 8.9999985 0.3286110 0.2914222 0.1832022 0.1982521 8.9999990 8.9999988 0.3073979 0.2880811 0.1915183 0.1871182 8.9999988 0.3158372 0.3078435 8.9999985 8.9999984 8.9999983 8.9999985 8.9999986 8.9999983 8.9999984 8.9999984 8.9999985 8.9999983 8.9999984 0.2566145 0.2726812 0.3577885 
Adscita_geryon                8.9999982 8.9999985 8.9999984 0.0000000 0.2823874 0.2839848 8.9999981 0.2845337 8.9999986 0.2879829 0.2638137 0.2896100 8.9999983 8.9999984 0.2696486 8.9999986 8.9999981 8.9999990 8.9999983 8.9999985 8.9999989 8.9999981 0.3020423 8.9999982 8.9999981 8.9999984 8.9999982 8.9999981 8.9999980 8.9999983 8.9999983 8.9999980 8.9999981 8.9999981 8.9999982 8.9999982 8.9999983 8.9999985 8.9999989 0.2700861 0.2805616 0.2978052 0.2772845 0.3128050 0.3115756 8.9999983 8.9999981 8.9999985 8.9999989 8.9999984 8.9999981 8.9999990 8.9999985 8.9999981 8.9999990 8.9999989 8.9999990 8.9999984 8.9999988 8.9999982 8.9999981 8.9999984 8.9999981 8.9999981 8.9999985 8.9999990 0.2999047 0.2911885 8.9999989 8.9999984 8.9999987 8.9999981 8.9999989 0.3180482 8.9999987 8.9999982 8.9999983 8.9999983 0.2773349 0.3550004 8.9999981 8.9999990 8.9999982 8.9999986 0.2552018 8.9999982 8.9999988 0.3038509 0.2469302 0.2531738 0.2653901 0.2686880 0.2518996 0.2649724 0.2680473 0.2698603 0.2574291 0.2472292 8.9999987 8.9999989 8.9999989 
Aethes_cnicana                8.9999981 8.9999983 8.9999982 0.2823874 0.0000000 0.1178149 8.9999987 0.1929968 8.9999984 0.1871335 0.2776148 0.1999184 8.9999981 8.9999983 0.1886204 8.9999986 8.9999987 8.9999988 8.9999982 8.9999984 8.9999981 8.9999990 0.3069633 8.9999980 8.9999984 8.9999983 8.9999980 8.9999982 8.9999982 8.9999981 8.9999981 8.9999983 8.9999989 8.9999989 8.9999981 8.9999981 8.9999981 8.9999983 8.9999985 0.1929298 0.1920495 0.1994088 0.1825098 0.2047213 0.1997809 8.9999983 8.9999981 8.9999989 8.9999987 8.9999983 8.9999983 8.9999989 8.9999981 8.9999981 8.9999988 8.9999988 8.9999988 8.9999984 8.9999986 8.9999980 8.9999988 8.9999981 8.9999989 8.9999989 8.9999981 8.9999980 0.1949107 0.1864684 8.9999989 8.9999980 8.9999985 8.9999982 8.9999985 0.3294902 8.9999984 8.9999988 8.9999980 8.9999982 0.2018217 0.3474209 8.9999981 8.9999987 8.9999981 8.9999984 0.1680056 8.9999982 8.9999981 0.3092361 0.3109946 0.3061405 0.3213718 0.3229657 0.2982263 0.3141978 0.3115332 0.3232548 0.2618449 0.2530632 8.9999985 8.9999986 8.9999986 
Aethes_tesserana              8.9999990 8.9999982 8.9999982 0.2839848 0.1178149 0.0000000 8.9999986 0.2039530 8.9999984 0.2010295 0.2863803 0.2098017 8.9999985 8.9999982 0.1958485 8.9999985 8.9999986 8.9999984 8.9999980 8.9999982 8.9999981 8.9999989 0.3134328 8.9999981 8.9999987 8.9999981 8.9999989 8.9999984 8.9999987 8.9999984 8.9999980 8.9999982 8.9999986 8.9999988 8.9999981 8.9999981 8.9999983 8.9999981 8.9999982 0.2078191 0.1979358 0.2135046 0.1960097 0.2252180 0.2162107 8.9999982 8.9999988 8.9999989 8.9999987 8.9999983 8.9999986 8.9999987 8.9999982 8.9999986 8.9999988 8.9999987 8.9999987 8.9999983 8.9999985 8.9999980 8.9999985 8.9999980 8.9999980 8.9999988 8.9999990 8.9999986 0.2014401 0.1954201 8.9999988 8.9999989 8.9999984 8.9999989 8.9999985 0.3239103 8.9999981 8.9999986 8.9999981 8.9999981 0.2065628 0.3510937 8.9999982 8.9999986 8.9999981 8.9999983 0.1764098 8.9999989 8.9999982 0.3075619 0.3255019 0.3154002 0.3327415 0.3352984 0.3048230 0.3222039 0.3188356 0.3336532 0.2654034 0.2540226 8.9999985 8.9999986 8.9999986 
Amesia_sanguiflua             0.2967462 0.2936606 0.2925342 8.9999981 8.9999987 8.9999986 0.0000000 8.9999986 0.3234965 8.9999987 8.9999987 8.9999988 0.2849362 0.3202054 8.9999984 0.3350323 0.2922532 0.2896571 0.2882313 0.2975244 0.3458164 0.3040606 8.9999987 0.2877428 0.2739796 0.2861290 0.2905867 0.2697223 0.2715990 0.2712357 0.2827327 0.2712301 0.2820802 0.3064192 0.2834253 0.2979278 0.2961953 0.2792204 0.3219231 8.9999985 8.9999988 8.9999988 8.9999986 8.9999983 8.9999982 0.3179409 0.2777456 0.1019416 0.1177766 0.3077360 0.2926360 0.2948910 0.3204152 0.2892078 0.1296383 0.2369801 0.2309992 0.3143579 0.3072645 0.2896745 0.2883016 0.2889057 0.2813327 0.3068413 0.2957771 0.2956987 8.9999986 8.9999987 0.3122457 0.3376563 0.2917141 0.2947360 0.3069358 8.9999981 0.1547545 0.3264260 0.2898392 0.3082194 8.9999984 8.9999983 0.3149198 0.3203727 0.2976487 0.3003582 8.9999984 0.3343587 0.3344457 8.9999981 8.9999987 8.9999988 8.9999990 8.9999981 8.9999987 8.9999989 8.9999988 8.9999989 8.9999987 8.9999981 0.2892227 0.3073104 0.3750808 
Ancylis_achatana              8.9999984 8.9999982 8.9999982 0.2845337 0.1929968 0.2039530 8.9999986 0.0000000 8.9999982 0.1815062 0.2816572 0.1736319 8.9999988 8.9999981 0.1741532 8.9999983 8.9999988 8.9999988 8.9999980 8.9999982 8.9999990 8.9999988 0.3126947 8.9999987 8.9999986 8.9999981 8.9999987 8.9999985 8.9999983 8.9999982 8.9999990 8.9999982 8.9999988 8.9999987 8.9999980 8.9999985 8.9999983 8.9999983 8.9999983 0.1770539 0.1689790 0.1805085 0.1645144 0.1855048 0.1798737 8.9999982 8.9999990 8.9999989 8.9999985 8.9999982 8.9999982 8.9999980 8.9999981 8.9999981 8.9999987 8.9999986 8.9999987 8.9999981 8.9999985 8.9999988 8.9999984 8.9999987 8.9999984 8.9999987 8.9999988 8.9999988 0.1845528 0.1811101 8.9999987 8.9999988 8.9999983 8.9999988 8.9999983 0.3229568 8.9999989 8.9999985 8.9999988 8.9999980 0.1675708 0.3556289 8.9999990 8.9999985 8.9999986 8.9999981 0.1615933 8.9999988 8.9999983 0.3015326 0.3062437 0.3001911 0.3197815 0.3190227 0.2944062 0.3022241 0.3016723 0.3170567 0.2572368 0.2528387 8.9999983 8.9999984 8.9999980 
Ancylis_sativa                0.2062252 0.1937146 0.2007465 8.9999986 8.9999984 8.9999984 0.3234965 8.9999982 0.0000000 8.9999985 8.9999986 8.9999986 0.1918029 0.1856031 8.9999980 0.3131428 0.1738335 0.1762151 0.2049543 0.3095585 0.3566009 0.3137884 8.9999989 0.1892155 0.1792596 0.1927132 0.1928351 0.1790371 0.1792921 0.1788182 0.1870351 0.1791310 0.1877663 0.3102066 0.1948555 0.1970995 0.1838037 0.2825455 0.3237892 8.9999982 8.9999987 8.9999985 8.9999984 8.9999990 8.9999989 0.2035833 0.1883651 0.3253637 0.3203878 0.2072394 0.1744538 0.1788834 0.1880952 0.1753597 0.3274568 0.3256950 0.3171714 0.1906722 0.3191833 0.1738156 0.1725516 0.1808598 0.1711438 0.3119664 0.2961982 0.1765861 8.9999985 8.9999985 0.3232893 0.3486404 0.3164821 0.1785312 0.3052601 8.9999987 0.3472529 0.3151324 0.1827630 0.1952966 8.9999983 8.9999988 0.3224287 0.3088421 0.2036376 0.1907587 8.9999985 0.3463820 0.3265026 8.9999988 8.9999986 8.9999986 8.9999988 8.9999990 8.9999985 8.9999987 8.9999986 8.9999988 8.9999984 8.9999986 0.2811201 0.3056860 0.3702573 
Aphelia_paleana               8.9999981 8.9999983 8.9999982 0.2879829 0.1871335 0.2010295 8.9999987 0.1815062 8.9999985 0.0000000 0.2887092 0.1925948 8.9999981 8.9999982 0.1300702 8.9999986 8.9999986 8.9999983 8.9999982 8.9999983 8.9999983 8.9999989 0.3195668 8.9999981 8.9999984 8.9999982 8.9999981 8.9999980 8.9999986 8.9999982 8.9999982 8.9999986 8.9999981 8.9999989 8.9999981 8.9999981 8.9999982 8.9999982 8.9999982 0.1939659 0.1920275 0.2026818 0.1885519 0.2109914 0.2034303 8.9999982 8.9999981 8.9999989 8.9999987 8.9999983 8.9999981 8.9999981 8.9999983 8.9999983 8.9999987 8.9999987 8.9999988 8.9999983 8.9999986 8.9999981 8.9999987 8.9999981 8.9999985 8.9999989 8.9999990 8.9999988 0.1475389 0.1448584 8.9999990 8.9999982 8.9999984 8.9999985 8.9999985 0.3257819 8.9999981 8.9999986 8.9999980 8.9999982 0.1989696 0.3659558 8.9999983 8.9999985 8.9999982 8.9999983 0.1665464 8.9999982 8.9999983 0.3189615 0.3104362 0.3161690 0.3215920 0.3228526 0.3038173 0.3161671 0.3142142 0.3232553 0.2664453 0.2599158 8.9999986 8.9999987 8.9999987 
Apoda_limacodes               8.9999988 8.9999984 8.9999984 0.2638137 0.2776148 0.2863803 8.9999987 0.2816572 8.9999986 0.2887092 0.0000000 0.2821508 8.9999981 8.9999984 0.2790797 8.9999984 8.9999986 8.9999980 8.9999980 8.9999982 8.9999981 8.9999987 0.3021929 8.9999986 8.9999986 8.9999981 8.9999980 8.9999990 8.9999982 8.9999990 8.9999980 8.9999980 8.9999980 8.9999988 8.9999981 8.9999983 8.9999982 8.9999982 8.9999982 0.2697173 0.2871063 0.3040238 0.2791783 0.3153125 0.3003017 8.9999983 8.9999981 8.9999981 8.9999986 8.9999984 8.9999980 8.9999984 8.9999984 8.9999981 8.9999989 8.9999986 8.9999987 8.9999983 8.9999984 8.9999981 8.9999990 8.9999981 8.9999982 8.9999988 8.9999989 8.9999984 0.2893136 0.2867982 8.9999987 8.9999990 8.9999984 8.9999980 8.9999984 0.3156417 8.9999983 8.9999987 8.9999980 8.9999982 0.2727332 0.3555827 8.9999982 8.9999985 8.9999981 8.9999984 0.2519246 8.9999988 8.9999984 0.3084234 0.2783824 0.2810589 0.2934608 0.2939827 0.2685909 0.2855766 0.2825686 0.2944503 0.2568291 0.2461935 8.9999984 8.9999987 8.9999981 
Apotomis_betuletana           8.9999981 8.9999985 8.9999984 0.2896100 0.1999184 0.2098017 8.9999988 0.1736319 8.9999986 0.1925948 0.2821508 0.0000000 8.9999981 8.9999985 0.1846381 8.9999987 8.9999986 8.9999985 8.9999983 8.9999984 8.9999986 8.9999981 0.3247119 8.9999983 8.9999981 8.9999984 8.9999982 8.9999981 8.9999984 8.9999983 8.9999983 8.9999980 8.9999982 8.9999981 8.9999983 8.9999983 8.9999982 8.9999983 8.9999988 0.1667836 0.1742641 0.1737637 0.1628795 0.1825163 0.1770620 8.9999985 8.9999983 8.9999981 8.9999988 8.9999985 8.9999982 8.9999990 8.9999985 8.9999982 8.9999989 8.9999988 8.9999989 8.9999984 8.9999988 8.9999981 8.9999990 8.9999982 8.9999981 8.9999981 8.9999984 8.9999980 0.1999914 0.1892486 8.9999981 8.9999984 8.9999986 8.9999982 8.9999989 0.3390446 8.9999983 8.9999980 8.9999982 8.9999983 0.1715504 0.3561751 8.9999986 8.9999988 8.9999982 8.9999985 0.1721880 8.9999980 8.9999984 0.3177193 0.3069562 0.3070517 0.3165970 0.3196564 0.3040066 0.3190856 0.3183542 0.3188900 0.2648367 0.2566891 8.9999985 8.9999988 8.9999985 
Archips_podanus               0.1808834 0.1416161 0.1477677 8.9999983 8.9999981 8.9999985 0.2849362 8.9999988 0.1918029 8.9999981 8.9999981 8.9999981 0.0000000 0.1805006 8.9999987 0.2925652 0.1681337 0.1698344 0.1675042 0.2693138 0.3259534 0.2744651 8.9999986 0.1096434 0.0997700 0.1121485 0.1145862 0.0957670 0.0966770 0.1005487 0.1072304 0.1003149 0.1280929 0.2854604 0.1646964 0.1664344 0.1684983 0.2487376 0.2968820 8.9999989 8.9999983 8.9999983 8.9999980 8.9999985 8.9999985 0.1963886 0.1124457 0.3013563 0.2898402 0.1791039 0.1620313 0.1698211 0.1896264 0.1628844 0.3061515 0.2935469 0.2896668 0.1857404 0.2965697 0.1668197 0.1583881 0.1639889 0.1564360 0.2869466 0.2795180 0.1729872 8.9999980 8.9999980 0.3039962 0.3238146 0.2922956 0.1669755 0.2733589 8.9999983 0.3285505 0.2858185 0.1757458 0.1933642 8.9999986 8.9999983 0.2893818 0.2823144 0.1869281 0.1775779 8.9999990 0.3086294 0.3029053 8.9999983 8.9999980 8.9999980 8.9999982 8.9999983 8.9999990 8.9999982 8.9999981 8.9999981 8.9999980 8.9999982 0.2549869 0.2751753 0.3405829 
Bactra_venosana               0.2086373 0.1890357 0.1972012 8.9999984 8.9999983 8.9999982 0.3202054 8.9999981 0.1856031 8.9999982 8.9999984 8.9999985 0.1805006 0.0000000 8.9999988 0.3173029 0.1342212 0.1315787 0.1997727 0.2965204 0.3594049 0.3009500 8.9999990 0.1775065 0.1690028 0.1821265 0.1847120 0.1655645 0.1689731 0.1680270 0.1746742 0.1698706 0.1842572 0.3103127 0.1898056 0.1899216 0.1585362 0.2829746 0.3052310 8.9999980 8.9999985 8.9999983 8.9999982 8.9999987 8.9999987 0.1586651 0.1717637 0.3271172 0.3171340 0.2018432 0.1617992 0.1680450 0.1786091 0.1621945 0.3278187 0.3207330 0.3186981 0.1853554 0.3291465 0.1609922 0.1672562 0.1640274 0.1378685 0.3119798 0.2877663 0.1290332 8.9999984 8.9999984 0.3185762 0.3422396 0.3211779 0.1258209 0.3061609 8.9999985 0.3563843 0.3122749 0.1714144 0.1834670 8.9999980 8.9999980 0.3076401 0.3150044 0.1904720 0.1668774 8.9999985 0.3314634 0.3162879 8.9999986 8.9999984 8.9999984 8.9999986 8.9999987 8.9999983 8.9999985 8.9999986 8.9999985 8.9999981 8.9999983 0.2782514 0.2888176 0.3676036 
Cacoecimorpha_pronubana       8.9999989 8.9999988 8.9999985 0.2696486 0.1886204 0.1958485 8.9999984 0.1741532 8.9999980 0.1300702 0.2790797 0.1846381 8.9999987 8.9999988 0.0000000 8.9999981 8.9999984 8.9999985 8.9999984 8.9999986 8.9999988 8.9999985 0.3110260 8.9999980 8.9999985 8.9999982 8.9999990 8.9999988 8.9999986 8.9999981 8.9999987 8.9999985 8.9999981 8.9999985 8.9999985 8.9999987 8.9999986 8.9999988 8.9999988 0.1803654 0.1829795 0.1934960 0.1804521 0.1993930 0.1944924 8.9999984 8.9999983 8.9999986 8.9999983 8.9999982 8.9999981 8.9999984 8.9999990 8.9999984 8.9999984 8.9999983 8.9999984 8.9999990 8.9999982 8.9999985 8.9999987 8.9999988 8.9999987 8.9999985 8.9999985 8.9999983 0.1479623 0.1402058 8.9999985 8.9999987 8.9999981 8.9999988 8.9999981 0.3107978 8.9999986 8.9999983 8.9999988 8.9999981 0.1823412 0.3483599 8.9999986 8.9999982 8.9999988 8.9999983 0.1536846 8.9999986 8.9999987 0.2990215 0.2916302 0.2975484 0.3056332 0.3070967 0.2864272 0.2959863 0.2983913 0.3068643 0.2496106 0.2490048 8.9999982 8.9999983 8.9999988 
Carposina_sasakii             0.3117567 0.3070463 0.3047749 8.9999986 8.9999986 8.9999985 0.3350323 8.9999983 0.3131428 8.9999986 8.9999984 8.9999987 0.2925652 0.3173029 8.9999981 0.0000000 0.2955539 0.2961825 0.2942860 0.3131373 0.3711430 0.2900841 8.9999980 0.2858818 0.2761147 0.2897888 0.2871048 0.2755370 0.2789511 0.2720739 0.2850494 0.2739586 0.2878489 0.3240885 0.2838042 0.2818675 0.2971890 0.2912081 0.3361693 8.9999982 8.9999987 8.9999988 8.9999984 8.9999981 8.9999990 0.3196458 0.2911579 0.3532472 0.3357435 0.3059817 0.2985497 0.2963306 0.3201814 0.2896104 0.3503855 0.3296246 0.3297315 0.3135280 0.3330232 0.2909142 0.3012394 0.3099561 0.2879403 0.3232720 0.3196652 0.3014052 8.9999985 8.9999985 0.3360268 0.3655568 0.3223481 0.2974633 0.3238211 8.9999986 0.3670183 0.3399013 0.2987841 0.3094110 8.9999983 8.9999989 0.3423585 0.3308570 0.3100207 0.2928345 8.9999981 0.3462097 0.3501855 8.9999987 8.9999986 8.9999987 8.9999989 8.9999983 8.9999985 8.9999986 8.9999986 8.9999989 8.9999985 8.9999985 0.2870598 0.3235383 0.3857532 
Celypha_flavipalpana          0.1861825 0.1714467 0.1743437 8.9999981 8.9999987 8.9999986 0.2922532 8.9999988 0.1738335 8.9999986 8.9999986 8.9999986 0.1681337 0.1342212 8.9999984 0.2955539 0.0000000 0.0506595 0.1840909 0.2743921 0.3274608 0.2908158 8.9999985 0.1678781 0.1579811 0.1704851 0.1743019 0.1526626 0.1527845 0.1562625 0.1632684 0.1563949 0.1702775 0.2862870 0.1695394 0.1729308 0.1485079 0.2566137 0.2956428 8.9999989 8.9999990 8.9999981 8.9999983 8.9999983 8.9999982 0.1280082 0.1611429 0.3062011 0.2932690 0.1829898 0.1483640 0.1488504 0.1642400 0.1447247 0.3126718 0.2953755 0.2909842 0.1678557 0.3019599 0.1473233 0.1427288 0.1440963 0.1183590 0.2880485 0.2734150 0.0889843 8.9999980 8.9999989 0.3005434 0.3254328 0.3004231 0.0748374 0.2778247 8.9999981 0.3253158 0.2840827 0.1542735 0.1751373 8.9999989 8.9999980 0.2944927 0.2870240 0.1723641 0.1578255 8.9999987 0.3080379 0.2993223 8.9999981 8.9999990 8.9999982 8.9999982 8.9999984 8.9999987 8.9999981 8.9999981 8.9999982 8.9999990 8.9999987 0.2474111 0.2781591 0.3541902 
Celypha_sp.                   0.1864554 0.1728914 0.1737434 8.9999990 8.9999988 8.9999984 0.2896571 8.9999988 0.1762151 8.9999983 8.9999980 8.9999985 0.1698344 0.1315787 8.9999985 0.2961825 0.0506595 0.0000000 0.1860484 0.2753386 0.3324450 0.2867851 8.9999985 0.1642721 0.1558393 0.1707004 0.1710602 0.1531107 0.1535464 0.1538197 0.1630533 0.1525764 0.1686305 0.2875583 0.1697965 0.1681752 0.1495399 0.2525681 0.2934199 8.9999988 8.9999981 8.9999980 8.9999985 8.9999983 8.9999982 0.1280451 0.1589147 0.3006930 0.2917032 0.1827733 0.1503492 0.1511939 0.1638682 0.1460198 0.3121788 0.2932505 0.2880422 0.1684143 0.3013600 0.1461305 0.1451891 0.1433470 0.1168495 0.2890559 0.2754712 0.0900232 8.9999987 8.9999986 0.2999045 0.3247884 0.2982240 0.0748620 0.2806859 8.9999981 0.3288590 0.2857472 0.1560546 0.1711130 8.9999989 8.9999981 0.2882616 0.2812305 0.1710365 0.1547556 8.9999990 0.3094906 0.2981948 8.9999981 8.9999980 8.9999980 8.9999981 8.9999983 8.9999980 8.9999981 8.9999980 8.9999981 8.9999989 8.9999981 0.2484765 0.2735165 0.3479314 
Cerace_xanthocosma            0.1898846 0.1737316 0.1800412 8.9999983 8.9999982 8.9999980 0.2882313 8.9999980 0.2049543 8.9999982 8.9999980 8.9999983 0.1675042 0.1997727 8.9999984 0.2942860 0.1840909 0.1860484 0.0000000 0.2664353 0.3194091 0.2780390 8.9999987 0.1669965 0.1566625 0.1717649 0.1718270 0.1546109 0.1541293 0.1561023 0.1642389 0.1562253 0.1720237 0.2871777 0.1769511 0.1822858 0.1825175 0.2571494 0.3097210 8.9999980 8.9999984 8.9999983 8.9999980 8.9999987 8.9999986 0.2049891 0.1621952 0.3006930 0.2907336 0.1919286 0.1798871 0.1819730 0.2097477 0.1760344 0.3109050 0.2840377 0.2809362 0.2002762 0.2992354 0.1847061 0.1799124 0.1844523 0.1740484 0.2879099 0.2803617 0.1842873 8.9999982 8.9999982 0.2995571 0.3258111 0.3025008 0.1811708 0.2833619 8.9999984 0.3236940 0.2940309 0.1883961 0.2081748 8.9999981 8.9999984 0.3041252 0.2903992 0.1964957 0.1938535 8.9999990 0.3168359 0.3108235 8.9999984 8.9999982 8.9999983 8.9999984 8.9999986 8.9999982 8.9999984 8.9999984 8.9999984 8.9999981 8.9999982 0.2579574 0.2801724 0.3406216 
Chalcidica_minea              0.2819337 0.2743885 0.2745093 8.9999985 8.9999984 8.9999982 0.2975244 8.9999982 0.3095585 8.9999983 8.9999982 8.9999984 0.2693138 0.2965204 8.9999986 0.3131373 0.2743921 0.2753386 0.2664353 0.0000000 0.3348416 0.2764527 8.9999981 0.2725253 0.2552290 0.2710212 0.2668372 0.2523306 0.2552944 0.2563053 0.2690830 0.2509077 0.2659690 0.2931405 0.2702603 0.2720248 0.2681168 0.1702364 0.3043172 8.9999980 8.9999984 8.9999984 8.9999981 8.9999987 8.9999986 0.2973424 0.2727550 0.3189780 0.2939767 0.2859170 0.2686495 0.2715015 0.3006323 0.2651551 0.3238751 0.2839770 0.2838837 0.2988951 0.2943121 0.2649348 0.2638848 0.2758283 0.2675693 0.2934104 0.2750319 0.2733372 8.9999984 8.9999984 0.3086792 0.3319636 0.2929694 0.2727351 0.2942739 8.9999986 0.3301485 0.3097226 0.2743250 0.2961065 8.9999983 8.9999987 0.3071910 0.2924117 0.2747525 0.2912332 8.9999981 0.3175383 0.1815251 8.9999987 8.9999983 8.9999984 8.9999985 8.9999987 8.9999983 8.9999985 8.9999984 8.9999985 8.9999982 8.9999985 0.2480698 0.2931199 0.3544280 
Chibiraga_houshuaii           0.3422109 0.3321294 0.3291110 8.9999989 8.9999981 8.9999981 0.3458164 8.9999990 0.3566009 8.9999983 8.9999981 8.9999986 0.3259534 0.3594049 8.9999988 0.3711430 0.3274608 0.3324450 0.3194091 0.3348416 0.0000000 0.3322414 8.9999986 0.3206471 0.3107504 0.3239012 0.3295113 0.3077970 0.3090125 0.3068844 0.3204633 0.3037359 0.3194280 0.2755346 0.3249127 0.3349076 0.3304617 0.3121611 0.3651020 8.9999989 8.9999989 8.9999987 8.9999981 8.9999990 8.9999989 0.3518026 0.3183658 0.3607824 0.3434577 0.3345316 0.3238153 0.3358917 0.3672152 0.3281060 0.3735616 0.3498510 0.3280174 0.3581127 0.2840889 0.3197743 0.3311668 0.3377377 0.3218494 0.2762720 0.2801463 0.3370886 8.9999984 8.9999983 0.2980930 0.3153259 0.3443779 0.3318129 0.1898360 8.9999984 0.3888263 0.2006155 0.3356241 0.3460507 8.9999990 8.9999986 0.3680823 0.1958790 0.3399479 0.3433000 8.9999987 0.3696610 0.3707011 8.9999989 8.9999985 8.9999986 8.9999984 8.9999985 8.9999984 8.9999989 8.9999989 8.9999990 8.9999984 8.9999988 0.3186109 0.3537984 0.4146103 
Choreutis_emplecta            0.2765145 0.2792338 0.2815935 8.9999981 8.9999990 8.9999989 0.3040606 8.9999988 0.3137884 8.9999989 8.9999987 8.9999981 0.2744651 0.3009500 8.9999985 0.2900841 0.2908158 0.2867851 0.2780390 0.2764527 0.3322414 0.0000000 8.9999989 0.2706220 0.2600110 0.2706983 0.2679928 0.2577297 0.2532533 0.2559019 0.2708942 0.2544770 0.2669512 0.2932499 0.2685237 0.2746907 0.2721111 0.2625104 0.3081556 8.9999986 8.9999981 8.9999981 8.9999988 8.9999985 8.9999986 0.3215029 0.2747369 0.3204113 0.3041411 0.2876973 0.2678078 0.2683354 0.2985975 0.2677501 0.3208821 0.2980608 0.2952040 0.2997414 0.3020810 0.2726126 0.2766414 0.2789128 0.2708621 0.2957082 0.2895884 0.2865682 8.9999981 8.9999982 0.3120706 0.3279143 0.2973490 0.2843013 0.2872258 8.9999990 0.3398120 0.2955117 0.2867189 0.2914455 8.9999986 8.9999980 0.3068448 0.2922658 0.2860655 0.2902510 8.9999984 0.3231217 0.3142759 8.9999984 8.9999988 8.9999989 8.9999982 8.9999988 8.9999988 8.9999989 8.9999988 8.9999989 8.9999988 8.9999990 0.2562094 0.2992056 0.3540284 
Choreutis_nemorana            8.9999988 8.9999981 8.9999990 0.3020423 0.3069633 0.3134328 8.9999987 0.3126947 8.9999989 0.3195668 0.3021929 0.3247119 8.9999986 8.9999990 0.3110260 8.9999980 8.9999985 8.9999985 8.9999987 8.9999981 8.9999986 8.9999989 0.0000000 8.9999986 8.9999986 8.9999987 8.9999986 8.9999985 8.9999984 8.9999986 8.9999986 8.9999985 8.9999986 8.9999983 8.9999988 8.9999987 8.9999987 8.9999981 8.9999983 0.3049199 0.3142068 0.3381787 0.3068019 0.3374988 0.3274129 8.9999990 8.9999986 8.9999983 8.9999987 8.9999983 8.9999986 8.9999984 8.9999990 8.9999984 8.9999980 8.9999985 8.9999985 8.9999989 8.9999984 8.9999987 8.9999985 8.9999986 8.9999986 8.9999984 8.9999989 8.9999985 0.3353482 0.3276578 8.9999988 8.9999983 8.9999985 8.9999986 8.9999983 0.3360808 8.9999988 8.9999985 8.9999985 8.9999987 0.3109274 0.3815611 8.9999982 8.9999983 8.9999986 8.9999990 0.2949081 8.9999982 8.9999981 0.3193577 0.3151408 0.3152056 0.3240169 0.3296925 0.3145257 0.3179589 0.3255692 0.3294523 0.2748931 0.2787152 8.9999980 8.9999984 8.9999988 
Choristoneura_biennis         0.1830238 0.1399415 0.1454196 8.9999982 8.9999980 8.9999981 0.2877428 8.9999987 0.1892155 8.9999981 8.9999986 8.9999983 0.1096434 0.1775065 8.9999980 0.2858818 0.1678781 0.1642721 0.1669965 0.2725253 0.3206471 0.2706220 8.9999986 0.0000000 0.0540392 0.0283933 0.0820174 0.0595601 0.0540412 0.0120855 0.0220703 0.0515330 0.1273455 0.2874218 0.1619259 0.1688635 0.1628419 0.2515848 0.3008978 8.9999988 8.9999982 8.9999982 8.9999986 8.9999985 8.9999984 0.1923520 0.1102168 0.3003439 0.2930123 0.1751746 0.1633108 0.1661438 0.1884653 0.1644167 0.3026162 0.2880540 0.2861582 0.1867446 0.3039743 0.1637403 0.1631823 0.1607450 0.1550232 0.2887042 0.2722483 0.1669992 8.9999981 8.9999980 0.3079910 0.3265070 0.2914402 0.1621857 0.2720765 8.9999983 0.3219769 0.2815208 0.1735516 0.1870935 8.9999989 8.9999985 0.2962726 0.2806239 0.1823579 0.1777191 8.9999988 0.3022375 0.2988090 8.9999983 8.9999990 8.9999980 8.9999982 8.9999984 8.9999989 8.9999981 8.9999981 8.9999982 8.9999990 8.9999981 0.2520590 0.2738035 0.3444439 
Choristoneura_conflictana     0.1722818 0.1292195 0.1315251 8.9999981 8.9999984 8.9999987 0.2739796 8.9999986 0.1792596 8.9999984 8.9999986 8.9999981 0.0997700 0.1690028 8.9999985 0.2761147 0.1579811 0.1558393 0.1566625 0.2552290 0.3107504 0.2600110 8.9999986 0.0540392 0.0000000 0.0594207 0.0715879 0.0464188 0.0402511 0.0430214 0.0518837 0.0475505 0.1159067 0.2765741 0.1510601 0.1573333 0.1535091 0.2360560 0.2792543 8.9999990 8.9999981 8.9999981 8.9999989 8.9999984 8.9999984 0.1808444 0.0994321 0.2845950 0.2750913 0.1652193 0.1544079 0.1550207 0.1794103 0.1487786 0.2922287 0.2712555 0.2727205 0.1732729 0.2901685 0.1529022 0.1470679 0.1519969 0.1438508 0.2783981 0.2598938 0.1567043 8.9999989 8.9999984 0.2916305 0.3167506 0.2801964 0.1512152 0.2632025 8.9999982 0.3085395 0.2768992 0.1612136 0.1751631 8.9999989 8.9999983 0.2805497 0.2689023 0.1716158 0.1663610 8.9999986 0.2863289 0.2905301 8.9999982 8.9999983 8.9999980 8.9999981 8.9999983 8.9999983 8.9999980 8.9999990 8.9999981 8.9999983 8.9999989 0.2396110 0.2592513 0.3248953 
Choristoneura_fumiferana      0.1853773 0.1429695 0.1466757 8.9999984 8.9999983 8.9999981 0.2861290 8.9999981 0.1927132 8.9999982 8.9999981 8.9999984 0.1121485 0.1821265 8.9999982 0.2897888 0.1704851 0.1707004 0.1717649 0.2710212 0.3239012 0.2706983 8.9999987 0.0283933 0.0594207 0.0000000 0.0870251 0.0604170 0.0592031 0.0170338 0.0270274 0.0576297 0.1323282 0.2903847 0.1655348 0.1701556 0.1639264 0.2519641 0.3021020 8.9999985 8.9999984 8.9999984 8.9999981 8.9999987 8.9999986 0.1950163 0.1116076 0.3028956 0.2911148 0.1768909 0.1672991 0.1728632 0.1922341 0.1705102 0.3021729 0.2869331 0.2829422 0.1898013 0.3062234 0.1661476 0.1609599 0.1637984 0.1564018 0.2921353 0.2710897 0.1710448 8.9999982 8.9999981 0.3121586 0.3283909 0.2895317 0.1633328 0.2738910 8.9999984 0.3236660 0.2808087 0.1742999 0.1887004 8.9999984 8.9999988 0.2966392 0.2833608 0.1864888 0.1806995 8.9999980 0.3021048 0.3017173 8.9999984 8.9999982 8.9999982 8.9999983 8.9999984 8.9999981 8.9999983 8.9999983 8.9999983 8.9999982 8.9999983 0.2571411 0.2754924 0.3452472 
Choristoneura_longicellana    0.1863501 0.1433143 0.1501964 8.9999982 8.9999980 8.9999989 0.2905867 8.9999987 0.1928351 8.9999981 8.9999980 8.9999982 0.1145862 0.1847120 8.9999990 0.2871048 0.1743019 0.1710602 0.1718270 0.2668372 0.3295113 0.2679928 8.9999986 0.0820174 0.0715879 0.0870251 0.0000000 0.0684833 0.0689386 0.0736427 0.0792165 0.0730877 0.1309608 0.2891506 0.1622789 0.1689908 0.1708320 0.2501256 0.2982152 8.9999987 8.9999982 8.9999983 8.9999980 8.9999985 8.9999985 0.1966733 0.1159177 0.3008568 0.2930909 0.1777176 0.1739675 0.1756776 0.1954545 0.1688337 0.3059849 0.2909030 0.2861765 0.1920703 0.3014183 0.1729880 0.1670866 0.1706501 0.1614724 0.2907979 0.2700367 0.1738595 8.9999981 8.9999981 0.3037241 0.3304699 0.2905121 0.1693881 0.2847121 8.9999984 0.3215461 0.2928440 0.1832995 0.1932056 8.9999987 8.9999987 0.2962659 0.2872636 0.1849372 0.1838285 8.9999981 0.2998936 0.2968437 8.9999983 8.9999990 8.9999981 8.9999982 8.9999984 8.9999989 8.9999981 8.9999981 8.9999982 8.9999981 8.9999981 0.2495559 0.2758591 0.3446728 
Choristoneura_metasequoiacola 0.1630283 0.1257950 0.1287716 8.9999981 8.9999982 8.9999984 0.2697223 8.9999985 0.1790371 8.9999980 8.9999990 8.9999981 0.0957670 0.1655645 8.9999988 0.2755370 0.1526626 0.1531107 0.1546109 0.2523306 0.3077970 0.2577297 8.9999985 0.0595601 0.0464188 0.0604170 0.0684833 0.0000000 0.0177247 0.0505285 0.0578626 0.0510149 0.1120766 0.2716844 0.1461594 0.1550116 0.1501803 0.2341185 0.2827164 8.9999981 8.9999981 8.9999981 8.9999983 8.9999984 8.9999983 0.1827501 0.0967641 0.2894251 0.2795172 0.1680445 0.1516398 0.1514041 0.1753445 0.1444128 0.2890442 0.2686089 0.2661372 0.1674480 0.2891491 0.1523463 0.1434339 0.1489469 0.1428797 0.2741152 0.2616331 0.1553802 8.9999983 8.9999986 0.2937801 0.3176168 0.2742844 0.1488415 0.2587585 8.9999983 0.3092178 0.2698601 0.1687104 0.1717402 8.9999983 8.9999983 0.2814200 0.2681138 0.1694884 0.1608596 8.9999987 0.2842539 0.2852496 8.9999981 8.9999990 8.9999980 8.9999981 8.9999981 8.9999983 8.9999981 8.9999980 8.9999980 8.9999990 8.9999981 0.2333611 0.2617510 0.3296860 
Choristoneura_murinana        0.1679727 0.1281787 0.1297667 8.9999980 8.9999982 8.9999987 0.2715990 8.9999983 0.1792921 8.9999986 8.9999982 8.9999984 0.0966770 0.1689731 8.9999986 0.2789511 0.1527845 0.1535464 0.1541293 0.2552944 0.3090125 0.2532533 8.9999984 0.0540412 0.0402511 0.0592031 0.0689386 0.0177247 0.0000000 0.0429672 0.0525210 0.0459714 0.1147076 0.2744784 0.1487238 0.1583689 0.1529993 0.2353633 0.2840671 8.9999988 8.9999980 8.9999980 8.9999983 8.9999983 8.9999983 0.1819962 0.0975415 0.2916791 0.2785119 0.1674613 0.1515827 0.1518733 0.1764282 0.1446095 0.2923509 0.2718570 0.2694343 0.1766472 0.2912025 0.1543948 0.1462175 0.1474695 0.1432620 0.2761622 0.2605587 0.1563150 8.9999985 8.9999990 0.2927129 0.3153785 0.2744417 0.1498082 0.2597257 8.9999982 0.3076559 0.2748201 0.1671898 0.1761754 8.9999989 8.9999980 0.2823028 0.2694409 0.1704506 0.1623548 8.9999984 0.2879857 0.2862989 8.9999980 8.9999985 8.9999989 8.9999990 8.9999981 8.9999987 8.9999983 8.9999982 8.9999981 8.9999985 8.9999983 0.2359390 0.2597603 0.3293043 
Choristoneura_occidentalis    0.1706127 0.1287205 0.1342321 8.9999983 8.9999981 8.9999984 0.2712357 8.9999982 0.1788182 8.9999982 8.9999990 8.9999983 0.1005487 0.1680270 8.9999981 0.2720739 0.1562625 0.1538197 0.1561023 0.2563053 0.3068844 0.2559019 8.9999986 0.0120855 0.0430214 0.0170338 0.0736427 0.0505285 0.0429672 0.0000000 0.0143611 0.0418112 0.1177488 0.2758841 0.1495216 0.1570875 0.1521485 0.2362666 0.2892945 8.9999990 8.9999983 8.9999983 8.9999981 8.9999986 8.9999985 0.1829446 0.1003430 0.2867241 0.2781659 0.1643329 0.1535788 0.1565010 0.1756796 0.1536076 0.2882015 0.2721145 0.2708178 0.1761050 0.2899617 0.1517944 0.1509889 0.1501471 0.1453030 0.2770762 0.2592022 0.1562602 8.9999981 8.9999981 0.2943488 0.3128896 0.2761068 0.1518463 0.2580208 8.9999983 0.3056859 0.2679272 0.1623279 0.1761518 8.9999989 8.9999988 0.2827430 0.2667957 0.1706277 0.1665050 8.9999988 0.2879789 0.2860277 8.9999984 8.9999988 8.9999981 8.9999982 8.9999984 8.9999988 8.9999982 8.9999981 8.9999981 8.9999981 8.9999982 0.2410342 0.2590847 0.3271244 
Choristoneura_pinus           0.1810885 0.1381681 0.1431806 8.9999983 8.9999981 8.9999980 0.2827327 8.9999990 0.1870351 8.9999982 8.9999980 8.9999983 0.1072304 0.1746742 8.9999987 0.2850494 0.1632684 0.1630533 0.1642389 0.2690830 0.3204633 0.2708942 8.9999986 0.0220703 0.0518837 0.0270274 0.0792165 0.0578626 0.0525210 0.0143611 0.0000000 0.0496975 0.1245124 0.2874362 0.1598237 0.1650357 0.1598423 0.2489789 0.3008459 8.9999984 8.9999983 8.9999983 8.9999980 8.9999986 8.9999985 0.1908050 0.1069948 0.2965897 0.2932775 0.1723385 0.1615533 0.1635135 0.1860029 0.1624400 0.3025735 0.2840606 0.2825177 0.1847834 0.3030377 0.1609310 0.1598385 0.1580988 0.1540443 0.2886333 0.2691560 0.1631806 8.9999982 8.9999981 0.3093007 0.3253498 0.2905934 0.1600951 0.2695491 8.9999984 0.3200999 0.2792646 0.1691616 0.1840747 8.9999982 8.9999988 0.2920293 0.2787589 0.1817713 0.1749994 8.9999982 0.3026922 0.2991970 8.9999984 8.9999981 8.9999981 8.9999982 8.9999985 8.9999980 8.9999982 8.9999981 8.9999982 8.9999981 8.9999982 0.2492656 0.2749004 0.3424780 
Choristoneura_rosaceana       0.1701915 0.1318647 0.1367547 8.9999980 8.9999983 8.9999982 0.2712301 8.9999982 0.1791310 8.9999986 8.9999980 8.9999980 0.1003149 0.1698706 8.9999985 0.2739586 0.1563949 0.1525764 0.1562253 0.2509077 0.3037359 0.2544770 8.9999985 0.0515330 0.0475505 0.0576297 0.0730877 0.0510149 0.0459714 0.0418112 0.0496975 0.0000000 0.1163222 0.2708505 0.1485566 0.1535623 0.1509325 0.2351768 0.2807706 8.9999981 8.9999981 8.9999981 8.9999980 8.9999983 8.9999983 0.1857833 0.1016147 0.2871006 0.2744708 0.1649296 0.1533499 0.1552364 0.1804839 0.1489183 0.2950879 0.2748012 0.2673565 0.1753934 0.2852125 0.1519867 0.1515229 0.1498481 0.1441130 0.2722538 0.2590770 0.1554982 8.9999989 8.9999989 0.2868684 0.3126622 0.2731041 0.1518473 0.2563202 8.9999981 0.3070271 0.2688696 0.1645134 0.1763240 8.9999989 8.9999981 0.2803843 0.2640812 0.1735863 0.1662881 8.9999983 0.2895492 0.2910822 8.9999981 8.9999988 8.9999981 8.9999990 8.9999982 8.9999989 8.9999988 8.9999981 8.9999990 8.9999983 8.9999988 0.2358157 0.2587383 0.3241361 
Clepsis_pallidana             0.1880992 0.1379296 0.1454472 8.9999981 8.9999989 8.9999986 0.2820802 8.9999988 0.1877663 8.9999981 8.9999980 8.9999982 0.1280929 0.1842572 8.9999981 0.2878489 0.1702775 0.1686305 0.1720237 0.2659690 0.3194280 0.2669512 8.9999986 0.1273455 0.1159067 0.1323282 0.1309608 0.1120766 0.1147076 0.1177488 0.1245124 0.1163222 0.0000000 0.2820167 0.1685919 0.1694069 0.1729538 0.2490708 0.2947882 8.9999985 8.9999982 8.9999982 8.9999980 8.9999985 8.9999985 0.1875725 0.1085027 0.3006425 0.2899046 0.1836014 0.1681195 0.1702760 0.1905935 0.1694569 0.3061656 0.2858560 0.2809863 0.1876876 0.3016937 0.1690553 0.1668284 0.1720193 0.1624292 0.2833583 0.2765103 0.1690349 8.9999990 8.9999989 0.3089535 0.3286770 0.2882269 0.1651835 0.2749900 8.9999984 0.3216359 0.2885812 0.1820786 0.1934719 8.9999986 8.9999983 0.2889973 0.2787762 0.1837764 0.1803872 8.9999989 0.3038440 0.3006063 8.9999983 8.9999990 8.9999981 8.9999981 8.9999984 8.9999990 8.9999981 8.9999981 8.9999981 8.9999990 8.9999981 0.2545071 0.2698643 0.3295580 
Cnidocampa_flavescens         0.2932561 0.2970238 0.2884473 8.9999981 8.9999989 8.9999988 0.3064192 8.9999987 0.3102066 8.9999989 8.9999988 8.9999981 0.2854604 0.3103127 8.9999985 0.3240885 0.2862870 0.2875583 0.2871777 0.2931405 0.2755346 0.2932499 8.9999983 0.2874218 0.2765741 0.2903847 0.2891506 0.2716844 0.2744784 0.2758841 0.2874362 0.2708505 0.2820167 0.0000000 0.2803186 0.2835463 0.2846628 0.2720872 0.3015888 8.9999986 8.9999981 8.9999981 8.9999988 8.9999987 8.9999988 0.3070373 0.2844930 0.3107471 0.3035285 0.2979817 0.2851782 0.2867967 0.3054600 0.2844492 0.3167075 0.2947580 0.2808445 0.3061789 0.2042206 0.2753808 0.2863355 0.2805422 0.2737594 0.0022393 0.2369699 0.2867750 8.9999980 8.9999989 0.2128138 0.2479619 0.2987574 0.2890435 0.2208259 8.9999981 0.3312017 0.2365343 0.2992890 0.3151442 8.9999986 8.9999986 0.3034011 0.2188703 0.2937045 0.2952713 8.9999983 0.3369628 0.3311734 8.9999987 8.9999988 8.9999982 8.9999982 8.9999987 8.9999989 8.9999983 8.9999981 8.9999984 8.9999988 8.9999989 0.2719597 0.3051530 0.3619867 
Cochylidia_moguntiana         0.1757326 0.1669920 0.1739991 8.9999982 8.9999981 8.9999981 0.2834253 8.9999980 0.1948555 8.9999981 8.9999981 8.9999983 0.1646964 0.1898056 8.9999985 0.2838042 0.1695394 0.1697965 0.1769511 0.2702603 0.3249127 0.2685237 8.9999988 0.1619259 0.1510601 0.1655348 0.1622789 0.1461594 0.1487238 0.1495216 0.1598237 0.1485566 0.1685919 0.2803186 0.0000000 0.1585399 0.1727909 0.2518954 0.2978817 8.9999981 8.9999983 8.9999983 8.9999981 8.9999985 8.9999985 0.2005842 0.1570186 0.2970080 0.2889006 0.1711959 0.1688554 0.1694328 0.1917764 0.1657353 0.2975826 0.2905543 0.2780231 0.1962162 0.2966234 0.1670899 0.1647002 0.1732918 0.1600456 0.2829617 0.2721955 0.1767739 8.9999982 8.9999981 0.2902116 0.3213114 0.2892875 0.1703388 0.2759102 8.9999985 0.3120777 0.2846949 0.1804465 0.1977971 8.9999981 8.9999983 0.2956459 0.2808410 0.1870787 0.1807539 8.9999988 0.3106681 0.3047755 8.9999985 8.9999981 8.9999982 8.9999983 8.9999985 8.9999981 8.9999982 8.9999982 8.9999983 8.9999982 8.9999982 0.2502495 0.2712146 0.3500763 
Cochylimorpha_cultana         0.1884964 0.1702840 0.1769165 8.9999982 8.9999981 8.9999981 0.2979278 8.9999985 0.1970995 8.9999981 8.9999983 8.9999983 0.1664344 0.1899216 8.9999987 0.2818675 0.1729308 0.1681752 0.1822858 0.2720248 0.3349076 0.2746907 8.9999987 0.1688635 0.1573333 0.1701556 0.1689908 0.1550116 0.1583689 0.1570875 0.1650357 0.1535623 0.1694069 0.2835463 0.1585399 0.0000000 0.1809538 0.2517948 0.2962177 8.9999988 8.9999984 8.9999984 8.9999982 8.9999986 8.9999986 0.2018336 0.1598353 0.3133292 0.3016726 0.1281101 0.1763384 0.1766999 0.1993148 0.1747919 0.3169222 0.2910804 0.2791375 0.1937870 0.3028420 0.1755303 0.1722383 0.1806998 0.1654527 0.2854388 0.2794146 0.1704462 8.9999982 8.9999981 0.2983546 0.3194290 0.3052942 0.1694004 0.2807056 8.9999984 0.3239173 0.2911552 0.1849017 0.1937933 8.9999986 8.9999985 0.3019841 0.2871441 0.1936209 0.1837214 8.9999987 0.3118062 0.3055308 8.9999984 8.9999982 8.9999982 8.9999984 8.9999985 8.9999981 8.9999983 8.9999983 8.9999983 8.9999982 8.9999982 0.2589597 0.2752443 0.3553913 
Cydia_pomonella               0.1853504 0.1682143 0.1793724 8.9999983 8.9999981 8.9999983 0.2961953 8.9999983 0.1838037 8.9999982 8.9999982 8.9999982 0.1684983 0.1585362 8.9999986 0.2971890 0.1485079 0.1495399 0.1825175 0.2681168 0.3304617 0.2721111 8.9999987 0.1628419 0.1535091 0.1639264 0.1708320 0.1501803 0.1529993 0.1521485 0.1598423 0.1509325 0.1729538 0.2846628 0.1727909 0.1809538 0.0000000 0.2559375 0.2996802 8.9999984 8.9999983 8.9999983 8.9999980 8.9999985 8.9999985 0.1764203 0.1575864 0.3088373 0.2906280 0.1881656 0.1265641 0.1218250 0.1505921 0.1167678 0.3055779 0.3040956 0.2918645 0.1743438 0.3006642 0.1190661 0.1465190 0.1261454 0.1436190 0.2873325 0.2714277 0.1507749 8.9999981 8.9999981 0.3092807 0.3229054 0.2959909 0.1496549 0.2829341 8.9999983 0.3261633 0.2934034 0.1470924 0.1570165 8.9999981 8.9999981 0.2990994 0.2932376 0.1669983 0.1481177 8.9999990 0.3170687 0.2979905 8.9999984 8.9999981 8.9999981 8.9999983 8.9999983 8.9999981 8.9999983 8.9999982 8.9999983 8.9999980 8.9999981 0.2551758 0.2777552 0.3486360 
Endoxyla_cinereus             0.2586474 0.2564022 0.2578189 8.9999985 8.9999983 8.9999981 0.2792204 8.9999983 0.2825455 8.9999982 8.9999982 8.9999983 0.2487376 0.2829746 8.9999988 0.2912081 0.2566137 0.2525681 0.2571494 0.1702364 0.3121611 0.2625104 8.9999981 0.2515848 0.2360560 0.2519641 0.2501256 0.2341185 0.2353633 0.2362666 0.2489789 0.2351768 0.2490708 0.2720872 0.2518954 0.2517948 0.2559375 0.0000000 0.2758469 8.9999981 8.9999984 8.9999986 8.9999982 8.9999988 8.9999986 0.2857387 0.2462153 0.2997380 0.2750701 0.2640391 0.2493506 0.2554864 0.2868562 0.2481990 0.2985492 0.2648792 0.2682864 0.2778316 0.2712854 0.2498506 0.2481842 0.2592650 0.2454270 0.2725773 0.2555528 0.2595036 8.9999983 8.9999983 0.2870145 0.2943422 0.2771204 0.2613028 0.2697347 8.9999984 0.3116890 0.2834790 0.2568788 0.2795839 8.9999980 8.9999985 0.2799295 0.2750992 0.2566797 0.2673443 8.9999989 0.3011345 0.2083876 8.9999987 8.9999983 8.9999984 8.9999986 8.9999988 8.9999984 8.9999985 8.9999984 8.9999986 8.9999982 8.9999984 0.2200030 0.2772868 0.3257130 
