96
Acleris_fimbriana             0.0000000 0.1899115 0.1898888 8.9999986 8.9999985 8.9999984 0.3060067 8.9999984 0.2112441 8.9999985 8.9999983 8.9999985 0.1851312 0.2137010 8.9999980 0.3220467 0.1905834 0.1908923 0.1944600 0.2907044 0.3537454 0.2850982 8.9999985 0.1873628 0.1762647 0.1897960 0.1908096 0.1667307 0.1718588 0.1745790 0.1853335 0.1741375 0.1926940 0.3024799 0.1798249 0.1930696 0.1896995 0.2664078 0.3299431 8.9999982 8.9999987 8.9999987 8.9999984 8.9999989 8.9999990 0.2210287 0.1759439 0.3220056 0.3095325 0.2014792 0.1905798 0.1924354 0.2083726 0.1902095 0.3212205 0.3114506 0.3080998 0.2190442 0.3216527 0.1893854 0.1879018 0.1881193 0.1831030 0.3036296 0.2890588 0.1976124 8.9999986 8.9999985 0.3254449 0.3387326 0.3160719 0.1900787 0.3030048 8.9999987 0.3512677 0.3055810 0.1936483 0.2111983 8.9999982 8.9999985 0.3260180 0.3048129 0.2118876 0.2042569 8.9999980 0.3414619 0.3207612 8.9999990 8.9999986 8.9999986 8.9999988 8.9999981 8.9999986 8.9999987 8.9999987 8.9999988 
Adoxophyes_honmai             0.1899115 0.0000000 0.0843136 8.9999990 8.9999988 8.9999986 0.3026465 8.9999987 0.1981865 8.9999987 8.9999989 8.9999980 0.1443799 0.1932955 8.9999984 0.3170133 0.1752168 0.1767520 0.1776187 0.2827571 0.3429771 0.2878210 8.9999982 0.1426712 0.1316565 0.1457739 0.1461141 0.1281375 0.1305895 0.1311713 0.1408257 0.1344075 0.1406402 0.3063733 0.1706537 0.1740680 0.1718482 0.2639124 0.3166511 8.9999985 8.9999981 8.9999981 8.9999987 8.9999984 8.9999985 0.2025575 0.1268526 0.3147664 0.3073138 0.1908214 0.1705786 0.1747700 0.1959696 0.1718826 0.3191624 0.3050179 0.3083716 0.1947829 0.3171050 0.1750786 0.1679602 0.1701906 0.1667325 0.3077677 0.2915774 0.1769624 8.9999988 8.9999988 0.3199695 0.3436099 0.3101416 0.1779392 0.2955775 8.9999982 0.3486554 0.3100548 0.1829944 0.2029829 8.9999986 8.9999986 0.3167329 0.2998772 0.1948245 0.1872637 8.9999983 0.3213954 0.3177262 8.9999982 8.9999989 8.9999988 8.9999981 8.9999983 8.9999989 8.9999990 8.9999989 8.9999990 
Adoxophyes_orana              0.1898888 0.0843136 0.0000000 8.9999989 8.9999987 8.9999986 0.3014531 8.9999986 0.2054356 8.9999986 8.9999989 8.9999988 0.1507225 0.2017218 8.9999983 0.3145911 0.1782023 0.1776164 0.1841146 0.2828136 0.3397367 0.2902812 8.9999990 0.1483002 0.1340347 0.1495874 0.1532150 0.1311873 0.1322279 0.1368412 0.1459950 0.1394333 0.1483595 0.2973014 0.1778682 0.1809169 0.1833754 0.2653421 0.3189913 8.9999984 8.9999989 8.9999990 8.9999986 8.9999984 8.9999983 0.2050694 0.1350714 0.3130130 0.3014276 0.1935542 0.1762899 0.1792557 0.2013487 0.1738312 0.3200294 0.3013822 0.3003807 0.1963801 0.3140813 0.1756130 0.1718289 0.1776017 0.1713399 0.2994089 0.2869339 0.1815477 8.9999987 8.9999987 0.3116721 0.3340245 0.3150035 0.1838651 0.2912327 8.9999990 0.3391834 0.3004540 0.1872875 0.2028758 8.9999984 8.9999981 0.3169399 0.2969706 0.1960708 0.1914231 8.9999982 0.3260375 0.3171546 8.9999990 8.9999988 8.9999988 8.9999990 8.9999982 8.9999988 8.9999989 8.9999989 8.9999990 
Adscita_geryon                8.9999986 8.9999990 8.9999989 0.0000000 0.2911759 0.2930579 8.9999981 0.2934572 8.9999981 0.2970785 0.2718922 0.2985505 8.9999987 8.9999989 0.2780873 8.9999981 8.9999985 8.9999984 8.9999988 8.9999980 8.9999986 8.9999982 0.3119903 8.9999987 8.9999985 8.9999989 8.9999987 8.9999986 8.9999985 8.9999988 8.9999988 8.9999985 8.9999985 8.9999981 8.9999987 8.9999987 8.9999988 8.9999990 8.9999982 0.2784070 0.2892203 0.3069100 0.2857875 0.3225757 0.3213496 8.9999987 8.9999986 8.9999990 8.9999988 8.9999989 8.9999985 8.9999984 8.9999989 8.9999985 8.9999990 8.9999988 8.9999989 8.9999989 8.9999986 8.9999987 8.9999986 8.9999989 8.9999986 8.9999981 8.9999981 8.9999984 0.3094839 0.3004308 8.9999989 8.9999989 8.9999984 8.9999985 8.9999987 0.3285986 8.9999981 8.9999984 8.9999988 8.9999988 0.2858757 0.3667350 8.9999983 8.9999989 8.9999987 8.9999981 0.2630235 8.9999984 8.9999989 0.3136498 0.2543196 0.2607619 0.2734099 0.2769861 0.2594955 0.2730800 0.2763030 0.2780489 
Aethes_cnicana                8.9999985 8.9999988 8.9999987 0.2911759 0.0000000 0.1199243 8.9999984 0.1976304 8.9999989 0.1915290 0.2862244 0.2047528 8.9999985 8.9999987 0.1932037 8.9999981 8.9999982 8.9999982 8.9999986 8.9999988 8.9999983 8.9999990 0.3169820 8.9999985 8.9999983 8.9999987 8.9999985 8.9999984 8.9999983 8.9999986 8.9999986 8.9999984 8.9999984 8.9999988 8.9999986 8.9999986 8.9999986 8.9999988 8.9999983 0.1976409 0.1966272 0.2040403 0.1867092 0.2095347 0.2044513 8.9999988 8.9999985 8.9999988 8.9999984 8.9999988 8.9999984 8.9999982 8.9999986 8.9999983 8.9999986 8.9999987 8.9999986 8.9999989 8.9999981 8.9999985 8.9999983 8.9999985 8.9999983 8.9999988 8.9999982 8.9999983 0.1995472 0.1908063 8.9999987 8.9999980 8.9999990 8.9999984 8.9999980 0.3403399 8.9999988 8.9999985 8.9999985 8.9999987 0.2068160 0.3585031 8.9999983 8.9999984 8.9999986 8.9999989 0.1718747 8.9999985 8.9999983 0.3190581 0.3211855 0.3159725 0.3317666 0.3336227 0.3077205 0.3243890 0.3215881 0.3337145 
Aethes_tesserana              8.9999984 8.9999986 8.9999986 0.2930579 0.1199243 0.0000000 8.9999982 0.2091306 8.9999989 0.2060569 0.2956278 0.2150694 8.9999983 8.9999987 0.2008675 8.9999990 8.9999982 8.9999981 8.9999984 8.9999987 8.9999982 8.9999988 0.3238619 8.9999983 8.9999982 8.9999986 8.9999984 8.9999983 8.9999982 8.9999984 8.9999985 8.9999983 8.9999983 8.9999986 8.9999985 8.9999985 8.9999984 8.9999986 8.9999985 0.2132352 0.2028666 0.2187405 0.2008127 0.2308518 0.2215540 8.9999987 8.9999984 8.9999987 8.9999983 8.9999987 8.9999983 8.9999982 8.9999987 8.9999982 8.9999986 8.9999983 8.9999984 8.9999987 8.9999990 8.9999984 8.9999983 8.9999985 8.9999982 8.9999986 8.9999989 8.9999982 0.2064289 0.2001715 8.9999986 8.9999987 8.9999988 8.9999983 8.9999989 0.3347052 8.9999982 8.9999982 8.9999986 8.9999985 0.2118815 0.3624484 8.9999984 8.9999982 8.9999985 8.9999988 0.1806708 8.9999988 8.9999984 0.3174803 0.3366749 0.3258932 0.3439209 0.3467322 0.3148954 0.3330192 0.3294968 0.3448016 
Amesia_sanguiflua             0.3060067 0.3026465 0.3014531 8.9999981 8.9999984 8.9999982 0.0000000 8.9999981 0.3338077 8.9999984 8.9999984 8.9999985 0.2936649 0.3302711 8.9999988 0.3464959 0.3012364 0.2986613 0.2971193 0.3068880 0.3572165 0.3139451 8.9999989 0.2966123 0.2822649 0.2949481 0.2995983 0.2778702 0.2798335 0.2795071 0.2913845 0.2794962 0.2907547 0.3160603 0.2920817 0.3072835 0.3053696 0.2878141 0.3318512 8.9999989 8.9999987 8.9999986 8.9999981 8.9999987 8.9999986 0.3279054 0.2861595 0.1034439 0.1198009 0.3174801 0.3018208 0.3040495 0.3304372 0.2982174 0.1318899 0.2435656 0.2372169 0.3243284 0.3169493 0.2985935 0.2972893 0.2977388 0.2899025 0.3164927 0.3049316 0.3048515 8.9999983 8.9999984 0.3221553 0.3486738 0.3008242 0.3038751 0.3168608 8.9999982 0.1578166 0.3372246 0.2985826 0.3179000 8.9999989 8.9999986 0.3248650 0.3308649 0.3070690 0.3097572 8.9999989 0.3454832 0.3450312 8.9999981 8.9999983 8.9999986 8.9999990 8.9999983 8.9999984 8.9999989 8.9999986 8.9999988 
Ancylis_achatana              8.9999984 8.9999987 8.9999986 0.2934572 0.1976304 0.2091306 8.9999981 0.0000000 8.9999987 0.1857412 0.2904557 0.1774456 8.9999983 8.9999986 0.1782058 8.9999988 8.9999990 8.9999990 8.9999985 8.9999987 8.9999989 8.9999986 0.3229563 8.9999983 8.9999982 8.9999985 8.9999983 8.9999983 8.9999981 8.9999984 8.9999984 8.9999981 8.9999982 8.9999983 8.9999985 8.9999983 8.9999984 8.9999988 8.9999987 0.1811205 0.1726928 0.1843905 0.1680598 0.1895593 0.1837874 8.9999987 8.9999984 8.9999988 8.9999990 8.9999987 8.9999982 8.9999981 8.9999985 8.9999981 8.9999985 8.9999980 8.9999984 8.9999986 8.9999989 8.9999983 8.9999981 8.9999983 8.9999981 8.9999983 8.9999986 8.9999990 0.1888196 0.1852709 8.9999983 8.9999987 8.9999988 8.9999982 8.9999988 0.3335231 8.9999989 8.9999990 8.9999983 8.9999985 0.1712733 0.3671463 8.9999989 8.9999990 8.9999983 8.9999985 0.1652212 8.9999985 8.9999986 0.3110245 0.3161542 0.3096694 0.3300592 0.3294765 0.3036856 0.3118023 0.3112199 0.3272064 
Ancylis_sativa                0.2112441 0.1981865 0.2054356 8.9999981 8.9999989 8.9999989 0.3338077 8.9999987 0.0000000 8.9999989 8.9999981 8.9999983 0.1962660 0.1896611 8.9999985 0.3232124 0.1775716 0.1800610 0.2099169 0.3194008 0.3685380 0.3238771 8.9999988 0.1936036 0.1832817 0.1971890 0.1972949 0.1830869 0.1833417 0.1828872 0.1913424 0.1832083 0.1921492 0.3199786 0.1994735 0.2018118 0.1878453 0.2910647 0.3336790 8.9999986 8.9999983 8.9999981 8.9999989 8.9999990 8.9999989 0.2082331 0.1926985 0.3355114 0.3305262 0.2122726 0.1782734 0.1827905 0.1921657 0.1792162 0.3376755 0.3364959 0.3274031 0.1949842 0.3294702 0.1775663 0.1762920 0.1848544 0.1748321 0.3218359 0.3053370 0.1804113 8.9999981 8.9999990 0.3337611 0.3601998 0.3267496 0.1824633 0.3148965 8.9999984 0.3587322 0.3251902 0.1868022 0.1997986 8.9999987 8.9999986 0.3326292 0.3186606 0.2085557 0.1950503 8.9999984 0.3579553 0.3366712 8.9999987 8.9999982 8.9999983 8.9999985 8.9999990 8.9999990 8.9999984 8.9999983 8.9999986 
Aphelia_paleana               8.9999985 8.9999987 8.9999986 0.2970785 0.1915290 0.2060569 8.9999984 0.1857412 8.9999989 0.0000000 0.2977981 0.1971785 8.9999985 8.9999987 0.1325888 8.9999981 8.9999982 8.9999981 8.9999986 8.9999988 8.9999987 8.9999987 0.3301080 8.9999985 8.9999984 8.9999987 8.9999986 8.9999985 8.9999984 8.9999986 8.9999987 8.9999984 8.9999984 8.9999989 8.9999985 8.9999986 8.9999986 8.9999987 8.9999985 0.1987260 0.1966158 0.2074674 0.1929840 0.2159882 0.2082285 8.9999987 8.9999985 8.9999988 8.9999983 8.9999987 8.9999985 8.9999982 8.9999987 8.9999983 8.9999984 8.9999984 8.9999985 8.9999987 8.9999982 8.9999985 8.9999984 8.9999986 8.9999983 8.9999989 8.9999990 8.9999983 0.1504986 0.1477209 8.9999990 8.9999985 8.9999989 8.9999983 8.9999980 0.3364940 8.9999982 8.9999982 8.9999985 8.9999986 0.2038290 0.3778937 8.9999986 8.9999990 8.9999986 8.9999987 0.1703345 8.9999984 8.9999987 0.3292905 0.3205661 0.3264270 0.3319554 0.3334841 0.3135706 0.3264011 0.3243806 0.3336993 
Apoda_limacodes               8.9999983 8.9999989 8.9999989 0.2718922 0.2862244 0.2956278 8.9999984 0.2904557 8.9999981 0.2977981 0.0000000 0.2907702 8.9999985 8.9999989 0.2879796 8.9999989 8.9999983 8.9999983 8.9999985 8.9999986 8.9999982 8.9999984 0.3121068 8.9999984 8.9999983 8.9999986 8.9999985 8.9999984 8.9999983 8.9999984 8.9999985 8.9999982 8.9999985 8.9999986 8.9999985 8.9999984 8.9999986 8.9999987 8.9999985 0.2780168 0.2960835 0.3134303 0.2877751 0.3251586 0.3095438 8.9999988 8.9999985 8.9999982 8.9999982 8.9999988 8.9999985 8.9999984 8.9999989 8.9999984 8.9999987 8.9999980 8.9999984 8.9999987 8.9999989 8.9999986 8.9999984 8.9999985 8.9999984 8.9999986 8.9999987 8.9999984 0.2983258 0.2957456 8.9999984 8.9999990 8.9999989 8.9999985 8.9999989 0.3260336 8.9999985 8.9999983 8.9999985 8.9999987 0.2811520 0.3672125 8.9999985 8.9999989 8.9999986 8.9999989 0.2595659 8.9999987 8.9999988 0.3183411 0.2872330 0.2899102 0.3027265 0.3033310 0.2769305 0.2945945 0.2914543 0.3036827 
Apotomis_betuletana           8.9999985 8.9999980 8.9999988 0.2985505 0.2047528 0.2150694 8.9999985 0.1774456 8.9999983 0.1971785 0.2907702 0.0000000 8.9999986 8.9999989 0.1889850 8.9999983 8.9999983 8.9999984 8.9999987 8.9999988 8.9999983 8.9999983 0.3353749 8.9999987 8.9999985 8.9999989 8.9999986 8.9999985 8.9999984 8.9999987 8.9999988 8.9999985 8.9999986 8.9999982 8.9999988 8.9999988 8.9999987 8.9999988 8.9999989 0.1704325 0.1780755 0.1774350 0.1663352 0.1864575 0.1808450 8.9999990 8.9999987 8.9999983 8.9999985 8.9999989 8.9999986 8.9999984 8.9999989 8.9999984 8.9999988 8.9999986 8.9999988 8.9999989 8.9999986 8.9999986 8.9999984 8.9999987 8.9999986 8.9999982 8.9999990 8.9999985 0.2047495 0.1936644 8.9999982 8.9999989 8.9999981 8.9999986 8.9999987 0.3502062 8.9999987 8.9999980 8.9999986 8.9999988 0.1753060 0.3675402 8.9999986 8.9999986 8.9999987 8.9999990 0.1761381 8.9999981 8.9999990 0.3277326 0.3167218 0.3167732 0.3266148 0.3300108 0.3135623 0.3292996 0.3285205 0.3289901 
Archips_podanus               0.1851312 0.1443799 0.1507225 8.9999987 8.9999985 8.9999983 0.2936649 8.9999983 0.1962660 8.9999985 8.9999985 8.9999986 0.0000000 0.1844661 8.9999982 0.3019561 0.1718436 0.1736472 0.1712130 0.2775986 0.3366621 0.2829922 8.9999982 0.1114985 0.1013889 0.1140865 0.1165649 0.0973145 0.0982447 0.1022300 0.1090179 0.1019692 0.1305112 0.2943766 0.1683258 0.1701314 0.1721835 0.2560212 0.3056651 8.9999982 8.9999987 8.9999987 8.9999985 8.9999990 8.9999990 0.2009115 0.1144055 0.3105748 0.2987494 0.1831712 0.1655671 0.1736004 0.1938702 0.1664896 0.3155812 0.3030822 0.2987931 0.1900186 0.3060007 0.1704907 0.1618234 0.1675281 0.1598064 0.2959269 0.2879795 0.1768135 8.9999985 8.9999985 0.3137536 0.3343973 0.3016757 0.1706640 0.2818027 8.9999988 0.3393761 0.2947911 0.1796418 0.1978803 8.9999983 8.9999987 0.2981828 0.2912241 0.1913942 0.1815942 8.9999980 0.3185625 0.3121331 8.9999988 8.9999985 8.9999985 8.9999986 8.9999987 8.9999984 8.9999986 8.9999986 8.9999985 
Bactra_venosana               0.2137010 0.1932955 0.2017218 8.9999989 8.9999987 8.9999987 0.3302711 8.9999986 0.1896611 8.9999987 8.9999989 8.9999989 0.1844661 0.0000000 8.9999983 0.3274799 0.1366190 0.1339193 0.2044534 0.3056318 0.3713198 0.3104366 8.9999989 0.1814027 0.1726216 0.1861759 0.1888200 0.1691014 0.1726253 0.1716904 0.1784760 0.1735692 0.1884575 0.3200297 0.1941565 0.1942809 0.1617373 0.2914869 0.3142101 8.9999984 8.9999990 8.9999988 8.9999987 8.9999984 8.9999985 0.1616422 0.1755180 0.3372417 0.3270447 0.2065870 0.1651876 0.1715941 0.1823327 0.1655800 0.3380261 0.3311489 0.3288611 0.1894397 0.3397619 0.1643086 0.1708119 0.1674281 0.1404225 0.3217675 0.2963793 0.1312619 8.9999989 8.9999989 0.3287366 0.3533069 0.3314915 0.1279921 0.3157512 8.9999981 0.3681970 0.3221012 0.1750256 0.1874751 8.9999985 8.9999986 0.3170456 0.3250184 0.1948325 0.1703579 8.9999982 0.3422625 0.3258166 8.9999982 8.9999989 8.9999989 8.9999981 8.9999985 8.9999988 8.9999980 8.9999981 8.9999980 
Cacoecimorpha_pronubana       8.9999980 8.9999984 8.9999983 0.2780873 0.1932037 0.2008675 8.9999988 0.1782058 8.9999985 0.1325888 0.2879796 0.1889850 8.9999982 8.9999983 0.0000000 8.9999985 8.9999989 8.9999989 8.9999982 8.9999984 8.9999986 8.9999980 0.3214450 8.9999981 8.9999990 8.9999983 8.9999980 8.9999990 8.9999990 8.9999981 8.9999982 8.9999989 8.9999981 8.9999989 8.9999982 8.9999982 8.9999982 8.9999983 8.9999986 0.1847157 0.1873343 0.1980420 0.1847028 0.2040859 0.1990599 8.9999983 8.9999981 8.9999981 8.9999988 8.9999984 8.9999981 8.9999989 8.9999984 8.9999981 8.9999989 8.9999988 8.9999989 8.9999984 8.9999987 8.9999981 8.9999990 8.9999982 8.9999990 8.9999989 8.9999990 8.9999981 0.1510243 0.1430303 8.9999990 8.9999984 8.9999985 8.9999990 8.9999985 0.3210504 8.9999982 8.9999987 8.9999982 8.9999982 0.1867540 0.3597481 8.9999982 8.9999987 8.9999982 8.9999984 0.1571447 8.9999983 8.9999983 0.3085626 0.3011905 0.3072663 0.3155556 0.3172229 0.2956491 0.3055582 0.3081309 0.3168049 
Carposina_sasakii             0.3220467 0.3170133 0.3145911 8.9999981 8.9999981 8.9999990 0.3464959 8.9999988 0.3232124 8.9999981 8.9999989 8.9999983 0.3019561 0.3274799 8.9999985 0.0000000 0.3049449 0.3056962 0.3038017 0.3237597 0.3843763 0.2995567 8.9999990 0.2949347 0.2847560 0.2990046 0.2962237 0.2842170 0.2877983 0.2806153 0.2940121 0.2825869 0.2970547 0.3349912 0.2927920 0.2907935 0.3066860 0.3007259 0.3471036 8.9999987 8.9999984 8.9999985 8.9999989 8.9999982 8.9999990 0.3299394 0.3004664 0.3652233 0.3471650 0.3159985 0.3082603 0.3058246 0.3304191 0.2989357 0.3621092 0.3412777 0.3412025 0.3236989 0.3444190 0.3001750 0.3110657 0.3200956 0.2971134 0.3341222 0.3303996 0.3110617 8.9999989 8.9999990 0.3475245 0.3783716 0.3333722 0.3069882 0.3348451 8.9999982 0.3800898 0.3517000 0.3082868 0.3194362 8.9999987 8.9999986 0.3539554 0.3422690 0.3204101 0.3021096 8.9999985 0.3583447 0.3619602 8.9999983 8.9999981 8.9999984 8.9999987 8.9999986 8.9999990 8.9999982 8.9999982 8.9999988 
Celypha_flavipalpana          0.1905834 0.1752168 0.1782023 8.9999985 8.9999982 8.9999982 0.3012364 8.9999990 0.1775716 8.9999982 8.9999983 8.9999983 0.1718436 0.1366190 8.9999989 0.3049449 0.0000000 0.0511930 0.1883768 0.2826706 0.3381396 0.3000628 8.9999990 0.1715817 0.1613871 0.1742804 0.1782312 0.1559377 0.1560672 0.1596661 0.1668449 0.1597906 0.1741087 0.2951426 0.1733351 0.1768292 0.1514936 0.2641571 0.3043537 8.9999990 8.9999984 8.9999984 8.9999981 8.9999987 8.9999987 0.1301923 0.1646641 0.3155352 0.3022385 0.1871868 0.1514326 0.1518988 0.1675716 0.1476708 0.3223133 0.3048395 0.3000339 0.1714404 0.3115235 0.1503290 0.1455874 0.1469361 0.1204385 0.2969793 0.2815906 0.0902539 8.9999983 8.9999982 0.3099788 0.3359317 0.3100315 0.0758203 0.2863716 8.9999985 0.3358406 0.2928721 0.1574241 0.1789553 8.9999980 8.9999981 0.3034715 0.2959980 0.1762466 0.1610800 8.9999986 0.3178707 0.3082562 8.9999985 8.9999984 8.9999984 8.9999987 8.9999988 8.9999983 8.9999986 8.9999986 8.9999986 
Celypha_sp.                   0.1908923 0.1767520 0.1776164 8.9999984 8.9999982 8.9999981 0.2986613 8.9999990 0.1800610 8.9999981 8.9999983 8.9999984 0.1736472 0.1339193 8.9999989 0.3056962 0.0511930 0.0000000 0.1904368 0.2837858 0.3433838 0.2958960 8.9999989 0.1679060 0.1592123 0.1745327 0.1749096 0.1564106 0.1568794 0.1571731 0.1666352 0.1558932 0.1724520 0.2965032 0.1736334 0.1719528 0.1525826 0.2600194 0.3020547 8.9999990 8.9999984 8.9999985 8.9999982 8.9999988 8.9999987 0.1302334 0.1623848 0.3098514 0.3006987 0.1869856 0.1534925 0.1543282 0.1672104 0.1490330 0.3219256 0.3027368 0.2970874 0.1720448 0.3109905 0.1491003 0.1481503 0.1461797 0.1189035 0.2980711 0.2837886 0.0913139 8.9999983 8.9999983 0.3094068 0.3353611 0.3078201 0.0758486 0.2894256 8.9999985 0.3396121 0.2947001 0.1592696 0.1748378 8.9999990 8.9999982 0.2970489 0.2899710 0.1749249 0.1579573 8.9999982 0.3194547 0.3071731 8.9999986 8.9999984 8.9999983 8.9999985 8.9999988 8.9999982 8.9999985 8.9999985 8.9999985 
Cerace_xanthocosma            0.1944600 0.1776187 0.1841146 8.9999988 8.9999986 8.9999984 0.2971193 8.9999985 0.2099169 8.9999986 8.9999985 8.9999987 0.1712130 0.2044534 8.9999982 0.3038017 0.1883768 0.1904368 0.0000000 0.2745752 0.3298112 0.2867372 8.9999982 0.1706729 0.1600480 0.1756171 0.1757058 0.1579520 0.1574501 0.1594992 0.1678236 0.1596280 0.1759479 0.2961605 0.1810443 0.1865664 0.1866951 0.2648657 0.3192019 8.9999983 8.9999988 8.9999988 8.9999985 8.9999984 8.9999981 0.2098934 0.1657351 0.3098467 0.2997217 0.1965237 0.1840719 0.1862381 0.2147499 0.1801164 0.3205325 0.2931444 0.2896838 0.2051363 0.3088146 0.1890501 0.1841325 0.1887086 0.1780459 0.2969106 0.2889894 0.1885265 8.9999986 8.9999986 0.3091816 0.3365603 0.3124247 0.1853750 0.2922965 8.9999988 0.3342630 0.3034026 0.1927657 0.2133254 8.9999983 8.9999988 0.3137476 0.2996938 0.2014115 0.1984579 8.9999982 0.3272309 0.3204600 8.9999988 8.9999986 8.9999987 8.9999989 8.9999982 8.9999987 8.9999988 8.9999989 8.9999988 
Chalcidica_minea              0.2907044 0.2827571 0.2828136 8.9999980 8.9999988 8.9999987 0.3068880 8.9999987 0.3194008 8.9999988 8.9999986 8.9999988 0.2775986 0.3056318 8.9999984 0.3237597 0.2826706 0.2837858 0.2745752 0.0000000 0.3460170 0.2852130 8.9999981 0.2808493 0.2628592 0.2792681 0.2749131 0.2598792 0.2629821 0.2640372 0.2772493 0.2584316 0.2741869 0.3024418 0.2785332 0.2804705 0.2761828 0.1742127 0.3135933 8.9999985 8.9999989 8.9999988 8.9999985 8.9999983 8.9999983 0.3064850 0.2812014 0.3290300 0.3031275 0.2949290 0.2768733 0.2797632 0.3098908 0.2732427 0.3341958 0.2932550 0.2929173 0.3082985 0.3037457 0.2728323 0.2718529 0.2841985 0.2757310 0.3027175 0.2834393 0.2816229 8.9999989 8.9999989 0.3187769 0.3430370 0.3024971 0.2810195 0.3038157 8.9999982 0.3410537 0.3199102 0.2825546 0.3053415 8.9999984 8.9999988 0.3169876 0.3018406 0.2833567 0.3003256 8.9999983 0.3280109 0.1854807 8.9999984 8.9999988 8.9999988 8.9999990 8.9999984 8.9999988 8.9999990 8.9999989 8.9999990 
Chibiraga_houshuaii           0.3537454 0.3429771 0.3397367 8.9999986 8.9999983 8.9999982 0.3572165 8.9999989 0.3685380 8.9999987 8.9999982 8.9999983 0.3366621 0.3713198 8.9999986 0.3843763 0.3381396 0.3433838 0.3298112 0.3460170 0.0000000 0.3434526 8.9999987 0.3310814 0.3207679 0.3344665 0.3403809 0.3176957 0.3189749 0.3167964 0.3308647 0.3134933 0.3298005 0.2835122 0.3355286 0.3460874 0.3412412 0.3222211 0.3770606 8.9999988 8.9999989 8.9999983 8.9999983 8.9999986 8.9999986 0.3634260 0.3286871 0.3726405 0.3547548 0.3455689 0.3344306 0.3470144 0.3794227 0.3389613 0.3859701 0.3619776 0.3388133 0.3702752 0.2925223 0.3300383 0.3421382 0.3488267 0.3323466 0.2842821 0.2884149 0.3481573 8.9999988 8.9999987 0.3071386 0.3250319 0.3560701 0.3427447 0.1942417 8.9999988 0.4024012 0.2053902 0.3465211 0.3575392 8.9999989 8.9999987 0.3805932 0.2004750 0.3515226 0.3546973 8.9999983 0.3826129 0.3830805 8.9999985 8.9999981 8.9999984 8.9999986 8.9999986 8.9999988 8.9999980 8.9999985 8.9999985 
Choreutis_emplecta            0.2850982 0.2878210 0.2902812 8.9999982 8.9999990 8.9999988 0.3139451 8.9999986 0.3238771 8.9999987 8.9999984 8.9999983 0.2829922 0.3104366 8.9999980 0.2995567 0.3000628 0.2958960 0.2867372 0.2852130 0.3434526 0.0000000 8.9999983 0.2789614 0.2679247 0.2790316 0.2761950 0.2655847 0.2609397 0.2637248 0.2792122 0.2622673 0.2752223 0.3025902 0.2768386 0.2832752 0.2804221 0.2706451 0.3177597 8.9999981 8.9999984 8.9999983 8.9999987 8.9999984 8.9999987 0.3319266 0.2833111 0.3307238 0.3139812 0.2967829 0.2760440 0.2765772 0.3077864 0.2760302 0.3312565 0.3080470 0.3048308 0.3093009 0.3119674 0.2810090 0.2853798 0.2875969 0.2793362 0.3051574 0.2987430 0.2956083 8.9999983 8.9999985 0.3224421 0.3389447 0.3071110 0.2933050 0.2965289 8.9999980 0.3513787 0.3050465 0.2956854 0.3005691 8.9999982 8.9999987 0.3166260 0.3017605 0.2952931 0.2994023 8.9999989 0.3340809 0.3242347 8.9999989 8.9999986 8.9999988 8.9999984 8.9999987 8.9999986 8.9999988 8.9999987 8.9999987 
Choreutis_nemorana            8.9999985 8.9999982 8.9999990 0.3119903 0.3169820 0.3238619 8.9999989 0.3229563 8.9999988 0.3301080 0.3121068 0.3353749 8.9999982 8.9999989 0.3214450 8.9999990 8.9999990 8.9999989 8.9999982 8.9999981 8.9999987 8.9999983 0.0000000 8.9999981 8.9999981 8.9999985 8.9999981 8.9999980 8.9999989 8.9999982 8.9999982 8.9999989 8.9999982 8.9999986 8.9999985 8.9999983 8.9999984 8.9999981 8.9999987 0.3148832 0.3244729 0.3492403 0.3167008 0.3483583 0.3379212 8.9999989 8.9999981 8.9999986 8.9999988 8.9999985 8.9999982 8.9999989 8.9999989 8.9999989 8.9999986 8.9999981 8.9999989 8.9999989 8.9999989 8.9999983 8.9999989 8.9999982 8.9999980 8.9999986 8.9999983 8.9999980 0.3466378 0.3385488 8.9999989 8.9999986 8.9999989 8.9999982 8.9999987 0.3474736 8.9999986 8.9999981 8.9999980 8.9999984 0.3210498 0.3943957 8.9999986 8.9999986 8.9999981 8.9999990 0.3046078 8.9999986 8.9999986 0.3298014 0.3257235 0.3256815 0.3348022 0.3409407 0.3250334 0.3284589 0.3365267 0.3404644 
Choristoneura_biennis         0.1873628 0.1426712 0.1483002 8.9999987 8.9999985 8.9999983 0.2966123 8.9999983 0.1936036 8.9999985 8.9999984 8.9999987 0.1114985 0.1814027 8.9999981 0.2949347 0.1715817 0.1679060 0.1706729 0.2808493 0.3310814 0.2789614 8.9999981 0.0000000 0.0546531 0.0286617 0.0831503 0.0602716 0.0546596 0.0121847 0.0222596 0.0521124 0.1297543 0.2963691 0.1654484 0.1726339 0.1663498 0.2589856 0.3099399 8.9999982 8.9999987 8.9999986 8.9999984 8.9999990 8.9999989 0.1967487 0.1121041 0.3095127 0.3020764 0.1791316 0.1669280 0.1698232 0.1927131 0.1680746 0.3118672 0.2972786 0.2951281 0.1910615 0.3137459 0.1673309 0.1667653 0.1641909 0.1583491 0.2977073 0.2804106 0.1706437 8.9999985 8.9999985 0.3179918 0.3372341 0.3007433 0.1657225 0.2804407 8.9999988 0.3324912 0.2902698 0.1773839 0.1914234 8.9999982 8.9999981 0.3054501 0.2893851 0.1866603 0.1817276 8.9999990 0.3119173 0.3078551 8.9999988 8.9999984 8.9999985 8.9999986 8.9999989 8.9999984 8.9999986 8.9999985 8.9999986 
Choristoneura_conflictana     0.1762647 0.1316565 0.1340347 8.9999985 8.9999983 8.9999982 0.2822649 8.9999982 0.1832817 8.9999984 8.9999983 8.9999985 0.1013889 0.1726216 8.9999990 0.2847560 0.1613871 0.1592123 0.1600480 0.2628592 0.3207679 0.2679247 8.9999981 0.0546531 0.0000000 0.0601334 0.0725273 0.0469290 0.0406691 0.0434871 0.0524636 0.0480830 0.1180250 0.2850888 0.1542577 0.1607753 0.1567354 0.2428111 0.2873623 8.9999981 8.9999986 8.9999986 8.9999983 8.9999989 8.9999989 0.1848476 0.1010777 0.2930731 0.2833900 0.1688837 0.1577398 0.1583524 0.1833643 0.1519681 0.3010258 0.2797538 0.2811102 0.1771513 0.2993325 0.1561488 0.1501695 0.1551741 0.1468343 0.2869907 0.2675529 0.1600278 8.9999984 8.9999983 0.3008698 0.3270407 0.2890482 0.1544276 0.2712227 8.9999987 0.3184052 0.2854769 0.1646699 0.1790980 8.9999980 8.9999987 0.2890728 0.2771861 0.1755521 0.1700075 8.9999990 0.2953033 0.2992254 8.9999986 8.9999984 8.9999985 8.9999985 8.9999988 8.9999983 8.9999985 8.9999985 8.9999985 
Choristoneura_fumiferana      0.1897960 0.1457739 0.1495874 8.9999989 8.9999987 8.9999986 0.2949481 8.9999985 0.1971890 8.9999987 8.9999986 8.9999989 0.1140865 0.1861759 8.9999983 0.2990046 0.1742804 0.1745327 0.1756171 0.2792681 0.3344665 0.2790316 8.9999985 0.0286617 0.0601334 0.0000000 0.0882703 0.0611468 0.0599226 0.0171853 0.0272768 0.0583187 0.1348737 0.2994215 0.1691825 0.1739630 0.1674696 0.2593569 0.3111447 8.9999983 8.9999988 8.9999989 8.9999986 8.9999983 8.9999982 0.1995053 0.1135398 0.3121478 0.3001044 0.1809011 0.1710488 0.1767772 0.1966165 0.1743787 0.3114022 0.2960979 0.2917627 0.1942337 0.3160987 0.1697961 0.1644898 0.1673428 0.1597789 0.3012456 0.2791575 0.1748164 8.9999987 8.9999986 0.3222886 0.3391933 0.2987262 0.1669131 0.2823190 8.9999989 0.3342252 0.2894833 0.1781742 0.1930629 8.9999984 8.9999982 0.3058178 0.2922420 0.1909540 0.1848143 8.9999982 0.3117833 0.3108267 8.9999989 8.9999986 8.9999986 8.9999988 8.9999989 8.9999986 8.9999988 8.9999987 8.9999988 
Choristoneura_longicellana    0.1908096 0.1461141 0.1532150 8.9999987 8.9999985 8.9999984 0.2995983 8.9999983 0.1972949 8.9999986 8.9999985 8.9999986 0.1165649 0.1888200 8.9999980 0.2962237 0.1782312 0.1749096 0.1757058 0.2749131 0.3403809 0.2761950 8.9999981 0.0831503 0.0725273 0.0882703 0.0000000 0.0693617 0.0698367 0.0746438 0.0802906 0.0740744 0.1334823 0.2981975 0.1658328 0.1727909 0.1746013 0.2574957 0.3070779 8.9999981 8.9999987 8.9999987 8.9999985 8.9999990 8.9999990 0.2012201 0.1179666 0.3100001 0.3021747 0.1817626 0.1779370 0.1796697 0.1999357 0.1726444 0.3153765 0.3003158 0.2951662 0.1965876 0.3110935 0.1768935 0.1708132 0.1744008 0.1649785 0.2999107 0.2780481 0.1777365 8.9999986 8.9999985 0.3134727 0.3413613 0.2998166 0.1731738 0.2936711 8.9999988 0.3320272 0.3021561 0.1874850 0.1977673 8.9999982 8.9999990 0.3054655 0.2963709 0.1893253 0.1880571 8.9999980 0.3094093 0.3057730 8.9999988 8.9999984 8.9999985 8.9999987 8.9999989 8.9999984 8.9999986 8.9999985 8.9999986 
Choristoneura_metasequoiacola 0.1667307 0.1281375 0.1311873 8.9999986 8.9999984 8.9999983 0.2778702 8.9999983 0.1830869 8.9999985 8.9999984 8.9999985 0.0973145 0.1691014 8.9999990 0.2842170 0.1559377 0.1564106 0.1579520 0.2598792 0.3176957 0.2655847 8.9999980 0.0602716 0.0469290 0.0611468 0.0693617 0.0000000 0.0178754 0.0511160 0.0585478 0.0516147 0.1140840 0.2800011 0.1492429 0.1583864 0.1533384 0.2408632 0.2909579 8.9999981 8.9999985 8.9999986 8.9999983 8.9999989 8.9999987 0.1868406 0.0983546 0.2981669 0.2880645 0.1718116 0.1549013 0.1546274 0.1791714 0.1474671 0.2977239 0.2770612 0.2742999 0.1711174 0.2983250 0.1556079 0.1464476 0.1520589 0.1458636 0.2825314 0.2694005 0.1586688 8.9999984 8.9999984 0.3031641 0.3280211 0.2829020 0.1520027 0.2666238 8.9999988 0.3191802 0.2781385 0.1724245 0.1755767 8.9999981 8.9999986 0.2900049 0.2764182 0.1733907 0.1643513 8.9999990 0.2932131 0.2937380 8.9999986 8.9999984 8.9999985 8.9999986 8.9999986 8.9999983 8.9999985 8.9999985 8.9999985 
Choristoneura_murinana        0.1718588 0.1305895 0.1322279 8.9999985 8.9999983 8.9999982 0.2798335 8.9999981 0.1833417 8.9999984 8.9999983 8.9999984 0.0982447 0.1726253 8.9999990 0.2877983 0.1560672 0.1568794 0.1574501 0.2629821 0.3189749 0.2609397 8.9999989 0.0546596 0.0406691 0.0599226 0.0698367 0.0178754 0.0000000 0.0434395 0.0531165 0.0464892 0.1167878 0.2829278 0.1518880 0.1618497 0.1562430 0.2421658 0.2924037 8.9999990 8.9999985 8.9999985 8.9999981 8.9999988 8.9999987 0.1860861 0.0991487 0.3005113 0.2870205 0.1711957 0.1548379 0.1551185 0.1802907 0.1476725 0.3011853 0.2804647 0.2777455 0.1806559 0.3004793 0.1577262 0.1493076 0.1505334 0.1462742 0.2846847 0.2682861 0.1596454 8.9999983 8.9999983 0.3020662 0.3256994 0.2830721 0.1529976 0.2676372 8.9999987 0.3175694 0.2833503 0.1708581 0.1801911 8.9999980 8.9999981 0.2909848 0.2778062 0.1743927 0.1659032 8.9999989 0.2970885 0.2948544 8.9999985 8.9999983 8.9999983 8.9999984 8.9999986 8.9999982 8.9999984 8.9999983 8.9999983 
Choristoneura_occidentalis    0.1745790 0.1311713 0.1368412 8.9999988 8.9999986 8.9999984 0.2795071 8.9999984 0.1828872 8.9999986 8.9999984 8.9999987 0.1022300 0.1716904 8.9999981 0.2806153 0.1596661 0.1571731 0.1594992 0.2640372 0.3167964 0.2637248 8.9999982 0.0121847 0.0434871 0.0171853 0.0746438 0.0511160 0.0434395 0.0000000 0.0144792 0.0422619 0.1199266 0.2844077 0.1527237 0.1605416 0.1553733 0.2431267 0.2979017 8.9999983 8.9999988 8.9999988 8.9999985 8.9999982 8.9999980 0.1870978 0.1020157 0.2953979 0.2866915 0.1679963 0.1569387 0.1599276 0.1795771 0.1569771 0.2969425 0.2807395 0.2792301 0.1801381 0.2992247 0.1550477 0.1542447 0.1533178 0.1483777 0.2856534 0.2669049 0.1596244 8.9999986 8.9999985 0.3038285 0.3231172 0.2848439 0.1551027 0.2658859 8.9999988 0.3155751 0.2761753 0.1658592 0.1801704 8.9999983 8.9999990 0.2914465 0.2750451 0.1745871 0.1702109 8.9999981 0.2971235 0.2946309 8.9999989 8.9999984 8.9999985 8.9999986 8.9999989 8.9999985 8.9999986 8.9999986 8.9999986 
Choristoneura_pinus           0.1853335 0.1408257 0.1459950 8.9999988 8.9999986 8.9999985 0.2913845 8.9999984 0.1913424 8.9999987 8.9999985 8.9999988 0.1090179 0.1784760 8.9999982 0.2940121 0.1668449 0.1666352 0.1678236 0.2772493 0.3308647 0.2792122 8.9999982 0.0222596 0.0524636 0.0272768 0.0802906 0.0585478 0.0531165 0.0144792 0.0000000 0.0502440 0.1268333 0.2963337 0.1632690 0.1686819 0.1632500 0.2562518 0.3098327 8.9999983 8.9999988 8.9999988 8.9999985 8.9999981 8.9999980 0.1951437 0.1087983 0.3055901 0.3023237 0.1761883 0.1651080 0.1671102 0.1901619 0.1660242 0.3117930 0.2930758 0.2912934 0.1890418 0.3127335 0.1644204 0.1633175 0.1614532 0.1573266 0.2975845 0.2771736 0.1667100 8.9999986 8.9999986 0.3193092 0.3359712 0.2998294 0.1635486 0.2777790 8.9999988 0.3304872 0.2878733 0.1728467 0.1882783 8.9999983 8.9999982 0.3010047 0.2874036 0.1860344 0.1789234 8.9999981 0.3123679 0.3082133 8.9999989 8.9999985 8.9999986 8.9999987 8.9999990 8.9999985 8.9999987 8.9999986 8.9999987 
Choristoneura_rosaceana       0.1741375 0.1344075 0.1394333 8.9999985 8.9999984 8.9999983 0.2794962 8.9999981 0.1832083 8.9999984 8.9999982 8.9999985 0.1019692 0.1735692 8.9999989 0.2825869 0.1597906 0.1558932 0.1596280 0.2584316 0.3134933 0.2622673 8.9999989 0.0521124 0.0480830 0.0583187 0.0740744 0.0516147 0.0464892 0.0422619 0.0502440 0.0000000 0.1184720 0.2791730 0.1517291 0.1568996 0.1541195 0.2419850 0.2889832 8.9999981 8.9999985 8.9999986 8.9999983 8.9999988 8.9999988 0.1900052 0.1033350 0.2957543 0.2828619 0.1686031 0.1566814 0.1586231 0.1845244 0.1521424 0.3040720 0.2835897 0.2756102 0.1793892 0.2942655 0.1552623 0.1548065 0.1529820 0.1471450 0.2806364 0.2667536 0.1588364 8.9999984 8.9999983 0.2959900 0.3228595 0.2817415 0.1551046 0.2641452 8.9999986 0.3169348 0.2771961 0.1681120 0.1803450 8.9999980 8.9999983 0.2889224 0.2722500 0.1776595 0.1699742 8.9999981 0.2987668 0.2998466 8.9999985 8.9999982 8.9999983 8.9999984 8.9999987 8.9999982 8.9999984 8.9999983 8.9999984 
Clepsis_pallidana             0.1926940 0.1406402 0.1483595 8.9999985 8.9999984 8.9999983 0.2907547 8.9999982 0.1921492 8.9999984 8.9999985 8.9999986 0.1305112 0.1884575 8.9999981 0.2970547 0.1741087 0.1724520 0.1759479 0.2741869 0.3298005 0.2752223 8.9999982 0.1297543 0.1180250 0.1348737 0.1334823 0.1140840 0.1167878 0.1199266 0.1268333 0.1184720 0.0000000 0.2907925 0.1724292 0.1732918 0.1768660 0.2564711 0.3035864 8.9999981 8.9999986 8.9999986 8.9999985 8.9999989 8.9999989 0.1918700 0.1103790 0.3097904 0.2988731 0.1879481 0.1719347 0.1741378 0.1949401 0.1733194 0.3155583 0.2951631 0.2898654 0.1920623 0.3114611 0.1728597 0.1705786 0.1758790 0.1660376 0.2921938 0.2850398 0.1728117 8.9999984 8.9999984 0.3190753 0.3396109 0.2975355 0.1688953 0.2835939 8.9999989 0.3321362 0.2977453 0.1862859 0.1980876 8.9999982 8.9999987 0.2979474 0.2875259 0.1882152 0.1845340 8.9999990 0.3136986 0.3098409 8.9999987 8.9999984 8.9999985 8.9999986 8.9999989 8.9999983 8.9999985 8.9999985 8.9999986 
Cnidocampa_flavescens         0.3024799 0.3063733 0.2973014 8.9999981 8.9999988 8.9999986 0.3160603 8.9999983 0.3199786 8.9999989 8.9999986 8.9999982 0.2943766 0.3200297 8.9999989 0.3349912 0.2951426 0.2965032 0.2961605 0.3024418 0.2835122 0.3025902 8.9999986 0.2963691 0.2850888 0.2994215 0.2981975 0.2800011 0.2829278 0.2844077 0.2963337 0.2791730 0.2907925 0.0000000 0.2889049 0.2923695 0.2933985 0.2804199 0.3105913 8.9999981 8.9999982 8.9999983 8.9999986 8.9999982 8.9999986 0.3165879 0.2933540 0.3203195 0.3129753 0.3073660 0.2940486 0.2956985 0.3149213 0.2933579 0.3265454 0.3041870 0.2895128 0.3158174 0.2092774 0.2836840 0.2952893 0.2890256 0.2821386 0.0022552 0.2434257 0.2956145 8.9999981 8.9999988 0.2181382 0.2546254 0.3082984 0.2980436 0.2266293 8.9999982 0.3419991 0.2429546 0.3086158 0.3253080 8.9999981 8.9999988 0.3128300 0.2246110 0.3031096 0.3044539 8.9999987 0.3482880 0.3416800 8.9999989 8.9999986 8.9999984 8.9999984 8.9999982 8.9999987 8.9999987 8.9999983 8.9999988 
Cochylidia_moguntiana         0.1798249 0.1706537 0.1778682 8.9999987 8.9999986 8.9999985 0.2920817 8.9999985 0.1994735 8.9999985 8.9999985 8.9999988 0.1683258 0.1941565 8.9999982 0.2927920 0.1733351 0.1736334 0.1810443 0.2785332 0.3355286 0.2768386 8.9999985 0.1654484 0.1542577 0.1691825 0.1658328 0.1492429 0.1518880 0.1527237 0.1632690 0.1517291 0.1724292 0.2889049 0.0000000 0.1620010 0.1766908 0.2593505 0.3067012 8.9999983 8.9999988 8.9999987 8.9999986 8.9999980 8.9999989 0.2052740 0.1604310 0.3060265 0.2977828 0.1749979 0.1726722 0.1732588 0.1962021 0.1694806 0.3065756 0.2999406 0.2866004 0.2008972 0.3060472 0.1708277 0.1684341 0.1772340 0.1635810 0.2916574 0.2803727 0.1807803 8.9999986 8.9999986 0.2993179 0.3317403 0.2985136 0.1741699 0.2844371 8.9999990 0.3220720 0.2935627 0.1845541 0.2025650 8.9999983 8.9999988 0.3048087 0.2896253 0.1915854 0.1849509 8.9999982 0.3207903 0.3141082 8.9999980 8.9999985 8.9999986 8.9999987 8.9999989 8.9999986 8.9999986 8.9999986 8.9999988 
Cochylimorpha_cultana         0.1930696 0.1740680 0.1809169 8.9999987 8.9999986 8.9999985 0.3072835 8.9999983 0.2018118 8.9999986 8.9999984 8.9999988 0.1701314 0.1942809 8.9999982 0.2907935 0.1768292 0.1719528 0.1865664 0.2804705 0.3460874 0.2832752 8.9999983 0.1726339 0.1607753 0.1739630 0.1727909 0.1583864 0.1618497 0.1605416 0.1686819 0.1568996 0.1732918 0.2923695 0.1620010 0.0000000 0.1851446 0.2592558 0.3050512 8.9999983 8.9999989 8.9999989 8.9999987 8.9999982 8.9999982 0.2066309 0.1633610 0.3230852 0.3111532 0.1304719 0.1804489 0.1807874 0.2039751 0.1788663 0.3268541 0.3005596 0.2878351 0.1983768 0.3126230 0.1795420 0.1761800 0.1848509 0.1691562 0.2943512 0.2879771 0.1742682 8.9999986 8.9999986 0.3078567 0.3297592 0.3154138 0.1731740 0.2894843 8.9999989 0.3344855 0.3004087 0.1891605 0.1984229 8.9999983 8.9999983 0.3114332 0.2963016 0.1984383 0.1879817 8.9999982 0.3220413 0.3149048 8.9999989 8.9999987 8.9999986 8.9999988 8.9999990 8.9999986 8.9999988 8.9999987 8.9999988 
Cydia_pomonella               0.1896995 0.1718482 0.1833754 8.9999988 8.9999986 8.9999984 0.3053696 8.9999984 0.1878453 8.9999986 8.9999986 8.9999987 0.1721835 0.1617373 8.9999982 0.3066860 0.1514936 0.1525826 0.1866951 0.2761828 0.3412412 0.2804221 8.9999984 0.1663498 0.1567354 0.1674696 0.1746013 0.1533384 0.1562430 0.1553733 0.1632500 0.1541195 0.1768660 0.2933985 0.1766908 0.1851446 0.0000000 0.2634491 0.3085298 8.9999981 8.9999988 8.9999988 8.9999985 8.9999990 8.9999980 0.1801314 0.1609346 0.3182945 0.2994860 0.1925587 0.1289253 0.1239718 0.1534517 0.1188192 0.3148964 0.3140365 0.3010619 0.1781426 0.3101773 0.1211472 0.1494607 0.1284260 0.1464979 0.2961747 0.2794620 0.1538157 8.9999985 8.9999986 0.3191884 0.3333318 0.3054488 0.1526949 0.2916868 8.9999988 0.3367186 0.3026028 0.1499862 0.1602046 8.9999983 8.9999983 0.3083390 0.3024925 0.1706895 0.1510526 8.9999981 0.3273488 0.3069035 8.9999989 8.9999985 8.9999986 8.9999988 8.9999988 8.9999985 8.9999988 8.9999987 8.9999987 
Endoxyla_cinereus             0.2664078 0.2639124 0.2653421 8.9999990 8.9999988 8.9999986 0.2878141 8.9999988 0.2910647 8.9999987 8.9999987 8.9999988 0.2560212 0.2914869 8.9999983 0.3007259 0.2641571 0.2600194 0.2648657 0.1742127 0.3222211 0.2706451 8.9999981 0.2589856 0.2428111 0.2593569 0.2574957 0.2408632 0.2421658 0.2431267 0.2562518 0.2419850 0.2564711 0.2804199 0.2593505 0.2592558 0.2634491 0.0000000 0.2837610 8.9999985 8.9999989 8.9999981 8.9999987 8.9999986 8.9999982 0.2943593 0.2534361 0.3089993 0.2834304 0.2719732 0.2567006 0.2630069 0.2954384 0.2554981 0.3077279 0.2732311 0.2765903 0.2862915 0.2796110 0.2571337 0.2554765 0.2668641 0.2525819 0.2809243 0.2630676 0.2671868 8.9999987 8.9999988 0.2960739 0.3035635 0.2858740 0.2691274 0.2781290 8.9999989 0.3218385 0.2924402 0.2643616 0.2880923 8.9999985 8.9999990 0.2884781 0.2837267 0.2644851 0.2752995 8.9999982 0.3108697 0.2134284 8.9999983 8.9999987 8.9999988 8.9999983 8.9999986 8.9999989 8.9999980 8.9999989 8.9999981 
Eogystia_hippophaecolus       0.3299431 0.3166511 0.3189913 8.9999982 8.9999983 8.9999985 0.3318512 8.9999987 0.3336790 8.9999985 8.9999985 8.9999989 0.3056651 0.3142101 8.9999986 0.3471036 0.3043537 0.3020547 0.3192019 0.3135933 0.3770606 0.3177597 8.9999987 0.3099399 0.2873623 0.3111447 0.3070779 0.2909579 0.2924037 0.2979017 0.3098327 0.2889832 0.3035864 0.3105913 0.3067012 0.3050512 0.3085298 0.2837610 0.0000000 8.9999989 8.9999990 8.9999984 8.9999984 8.9999986 8.9999986 0.3200081 0.3001496 0.3461118 0.3318296 0.3249280 0.3068323 0.3116406 0.3241015 0.3082344 0.3420598 0.3382360 0.3330174 0.3360326 0.3353286 0.3056452 0.3048069 0.3066281 0.2978980 0.3121164 0.3113884 0.3016444 8.9999988 8.9999983 0.3513107 0.3572358 0.3445014 0.2942677 0.3346299 8.9999985 0.3642665 0.3404960 0.3079941 0.3197800 8.9999988 8.9999988 0.3409157 0.3296379 0.3303705 0.3057464 8.9999986 0.3585878 0.3339095 8.9999985 8.9999988 8.9999984 8.9999985 8.9999986 8.9999989 8.9999985 8.9999987 8.9999986 
Epiblema_foenella             8.9999982 8.9999985 8.9999984 0.2784070 0.1976409 0.2132352 8.9999989 0.1811205 8.9999986 0.1987260 0.2780168 0.1704325 8.9999982 8.9999984 0.1847157 8.9999987 8.9999990 8.9999990 8.9999983 8.9999985 8.9999988 8.9999981 0.3148832 8.9999982 8.9999981 8.9999983 8.9999981 8.9999981 8.9999990 8.9999983 8.9999983 8.9999981 8.9999981 8.9999981 8.9999983 8.9999983 8.9999981 8.9999985 8.9999989 0.0000000 0.1496975 0.1609273 0.1444107 0.1668861 0.1575634 8.9999984 8.9999982 8.9999986 8.9999988 8.9999985 8.9999982 8.9999990 8.9999985 8.9999990 8.9999980 8.9999989 8.9999990 8.9999985 8.9999988 8.9999983 8.9999981 8.9999983 8.9999980 8.9999981 8.9999984 8.9999980 0.1996459 0.1920258 8.9999982 8.9999987 8.9999987 8.9999982 8.9999988 0.3222169 8.9999987 8.9999981 8.9999982 8.9999983 0.1481329 0.3527800 8.9999986 8.9999989 8.9999982 8.9999985 0.1754655 8.9999985 8.9999986 0.3012020 0.3000051 0.3061458 0.3167405 0.3216920 0.2968916 0.3076201 0.3090414 0.3204733 
