76
Adoxophyes_honmai             0.0000000 0.0851167 8.9999982 0.2989308 8.9999990 0.2007999 8.9999983 8.9999981 8.9999985 0.1451565 8.9999980 0.3195451 0.1739151 0.1800908 0.2894321 0.3474603 0.2913785 0.1462904 0.1351183 0.1474956 0.1481857 0.1296263 0.1338239 0.1446643 0.1434167 0.3142308 0.1753477 0.1759763 0.2690490 8.9999988 8.9999983 0.2045093 0.1284467 0.3118716 0.3027494 0.1895732 0.1738764 0.1972687 0.1756078 0.3156589 0.3031061 0.1965942 0.3253842 0.1798466 0.1705477 0.1709393 0.1628389 0.3167552 0.1731177 8.9999985 8.9999984 0.3098199 0.1728463 0.3069503 0.3404815 0.3166160 0.1828695 0.2028460 8.9999988 8.9999987 0.3080690 0.1956636 8.9999989 0.3250862 0.3205755 8.9999990 8.9999986 8.9999990 8.9999990 8.9999983 8.9999986 8.9999989 8.9999982 0.2706530 0.2889102 0.3670872 
Adoxophyes_orana              0.0851167 0.0000000 8.9999982 0.3024075 8.9999990 0.2085661 8.9999982 8.9999983 8.9999982 0.1517387 8.9999989 0.3156865 0.1754101 0.1866036 0.2889999 0.3449487 0.2939196 0.1515629 0.1370920 0.1511577 0.1549123 0.1327588 0.1350619 0.1492126 0.1501661 0.3086458 0.1818413 0.1844956 0.2714038 8.9999987 8.9999981 0.2092194 0.1360648 0.3145782 0.3001318 0.1927183 0.1787189 0.2008384 0.1741611 0.3207759 0.3010700 0.1968470 0.3251306 0.1775375 0.1729181 0.1764257 0.1697604 0.3112169 0.1793447 8.9999984 8.9999983 0.3167193 0.1814016 0.3051575 0.3363816 0.3081770 0.1874875 0.2016138 8.9999988 8.9999987 0.3079909 0.1992564 8.9999988 0.3297616 0.3199788 8.9999987 8.9999984 8.9999989 8.9999987 8.9999981 8.9999982 8.9999990 8.9999982 0.2689157 0.2799854 0.3726092 
Aethes_cnicana                8.9999982 8.9999982 0.0000000 8.9999986 0.1956448 8.9999989 0.1896699 0.2928709 0.2083062 8.9999989 0.1911466 8.9999989 8.9999987 8.9999989 8.9999984 8.9999983 8.9999980 8.9999988 8.9999988 8.9999989 8.9999987 8.9999989 8.9999987 8.9999988 8.9999989 8.9999980 8.9999981 8.9999988 8.9999990 0.2091581 0.1903307 8.9999988 8.9999988 8.9999986 8.9999988 8.9999982 8.9999988 8.9999985 8.9999988 8.9999983 8.9999989 8.9999987 8.9999988 8.9999990 8.9999988 8.9999988 8.9999987 8.9999982 8.9999987 0.1980751 0.1900332 8.9999989 8.9999989 8.9999986 8.9999984 8.9999981 8.9999983 8.9999981 0.2120329 0.3650342 8.9999988 8.9999987 0.1707502 8.9999984 8.9999986 0.3234254 0.3211665 0.3400584 0.3268778 0.3248298 0.3389282 0.2712108 0.2623468 8.9999988 8.9999985 8.9999981 
Amesia_sanguiflua             0.2989308 0.3024075 8.9999986 0.0000000 8.9999987 0.3236898 8.9999986 8.9999987 8.9999983 0.2883552 8.9999986 0.3437750 0.2904295 0.2913471 0.3005294 0.3538298 0.3143787 0.2944646 0.2807873 0.2903292 0.2938468 0.2743627 0.2774457 0.2903372 0.2857874 0.3064730 0.3008469 0.3008566 0.2797224 8.9999989 8.9999987 0.3222814 0.2852079 0.1043845 0.1207798 0.3076439 0.2933362 0.3221636 0.2918120 0.1329608 0.2506827 0.3158147 0.3124141 0.2951184 0.2935872 0.2927553 0.2803787 0.3073930 0.2954372 8.9999980 8.9999989 0.2986131 0.2936063 0.3155047 0.1590845 0.3322367 0.2923493 0.3098931 8.9999983 8.9999988 0.3234173 0.3012901 8.9999984 0.3425977 0.3342781 8.9999985 8.9999987 8.9999986 8.9999988 8.9999990 8.9999989 8.9999990 8.9999981 0.2958614 0.3127543 0.3861981 
Ancylis_achatana              8.9999990 8.9999990 0.1956448 8.9999987 0.0000000 8.9999986 0.1885111 0.2926831 0.1854961 8.9999987 0.1807119 8.9999988 8.9999986 8.9999989 8.9999989 8.9999981 8.9999982 8.9999986 8.9999985 8.9999988 8.9999986 8.9999987 8.9999985 8.9999988 8.9999987 8.9999981 8.9999988 8.9999986 8.9999989 0.1891756 0.1700779 8.9999982 8.9999986 8.9999986 8.9999984 8.9999983 8.9999987 8.9999982 8.9999987 8.9999983 8.9999989 8.9999990 8.9999982 8.9999988 8.9999986 8.9999986 8.9999986 8.9999982 8.9999985 0.1917517 0.1881276 8.9999985 8.9999988 8.9999987 8.9999981 8.9999984 8.9999981 8.9999981 0.1788385 0.3801964 8.9999982 8.9999987 0.1674889 8.9999988 8.9999986 0.3177309 0.3133909 0.3317804 0.3142559 0.3154390 0.3296332 0.2690083 0.2620151 8.9999986 8.9999988 8.9999983 
Ancylis_sativa                0.2007999 0.2085661 8.9999989 0.3236898 8.9999986 0.0000000 8.9999982 8.9999987 8.9999990 0.2005780 8.9999986 0.3214475 0.1795626 0.2105451 0.3211226 0.3709034 0.3248256 0.1962821 0.1858017 0.1990761 0.2004735 0.1844982 0.1857011 0.1941288 0.1943167 0.3213396 0.2034463 0.1873627 0.2948388 8.9999982 8.9999986 0.2078330 0.1963222 0.3273484 0.3238764 0.2141806 0.1792016 0.1927127 0.1788144 0.3326680 0.3382151 0.1936889 0.3288179 0.1799496 0.1756840 0.1844017 0.1739313 0.3226654 0.1795130 8.9999982 8.9999983 0.3213109 0.1810088 0.3209678 0.3510650 0.3297959 0.1887995 0.2026982 8.9999983 8.9999988 0.3236176 0.2081992 8.9999983 0.3567932 0.3391124 8.9999989 8.9999984 8.9999986 8.9999983 8.9999990 8.9999986 8.9999982 8.9999980 0.2940357 0.3180793 0.3880810 
Aphelia_paleana               8.9999983 8.9999982 0.1896699 8.9999986 0.1885111 8.9999982 0.0000000 0.3037782 0.2057944 8.9999989 0.1345832 8.9999980 8.9999986 8.9999990 8.9999990 8.9999984 8.9999986 8.9999988 8.9999988 8.9999988 8.9999987 8.9999989 8.9999988 8.9999989 8.9999980 8.9999986 8.9999989 8.9999988 8.9999989 0.2135494 0.1984578 8.9999984 8.9999989 8.9999988 8.9999987 8.9999980 8.9999989 8.9999982 8.9999989 8.9999988 8.9999986 8.9999986 8.9999990 8.9999990 8.9999988 8.9999989 8.9999987 8.9999986 8.9999988 0.1529474 0.1501342 8.9999988 8.9999989 8.9999982 8.9999984 8.9999990 8.9999984 8.9999983 0.2100290 0.3851687 8.9999982 8.9999988 0.1727035 8.9999988 8.9999986 0.3271187 0.3357626 0.3423820 0.3327506 0.3327110 0.3426849 0.2801829 0.2716885 8.9999987 8.9999981 8.9999984 
Apoda_limacodes               8.9999981 8.9999983 0.2928709 8.9999987 0.2926831 8.9999987 0.3037782 0.0000000 0.3002060 8.9999989 0.2917564 8.9999986 8.9999986 8.9999988 8.9999980 8.9999981 8.9999987 8.9999988 8.9999988 8.9999989 8.9999988 8.9999989 8.9999987 8.9999990 8.9999989 8.9999987 8.9999989 8.9999987 8.9999989 0.3147198 0.2924308 8.9999981 8.9999989 8.9999986 8.9999988 8.9999990 8.9999988 8.9999983 8.9999988 8.9999984 8.9999989 8.9999982 8.9999988 8.9999988 8.9999986 8.9999987 8.9999986 8.9999988 8.9999986 0.3037287 0.2990205 8.9999986 8.9999989 8.9999990 8.9999990 8.9999989 8.9999983 8.9999984 0.2864052 0.3795730 8.9999987 8.9999988 0.2637005 8.9999984 8.9999986 0.2944256 0.2965279 0.3053968 0.2994899 0.2982396 0.3054488 0.2730579 0.2589183 8.9999986 8.9999989 8.9999988 
Apotomis_betuletana           8.9999985 8.9999982 0.2083062 8.9999983 0.1854961 8.9999990 0.2057944 0.3002060 0.0000000 8.9999990 0.1967347 8.9999984 8.9999988 8.9999990 8.9999983 8.9999988 8.9999984 8.9999989 8.9999988 8.9999981 8.9999988 8.9999989 8.9999988 8.9999980 8.9999981 8.9999982 8.9999982 8.9999989 8.9999983 0.1793409 0.1668031 8.9999987 8.9999990 8.9999986 8.9999989 8.9999986 8.9999990 8.9999990 8.9999989 8.9999988 8.9999981 8.9999985 8.9999987 8.9999980 8.9999989 8.9999989 8.9999988 8.9999983 8.9999989 0.2113047 0.1970426 8.9999984 8.9999981 8.9999985 8.9999980 8.9999989 8.9999985 8.9999983 0.1802394 0.3776359 8.9999987 8.9999989 0.1818025 8.9999987 8.9999986 0.3237447 0.3266671 0.3362484 0.3331020 0.3314515 0.3337787 0.2783096 0.2701682 8.9999982 8.9999983 8.9999988 
Archips_podanus               0.1451565 0.1517387 8.9999989 0.2883552 8.9999987 0.2005780 8.9999989 8.9999989 8.9999990 0.0000000 8.9999987 0.3066280 0.1746592 0.1715533 0.2809676 0.3383536 0.2868427 0.1140763 0.1031331 0.1139032 0.1182787 0.0983664 0.1004484 0.1120041 0.1323319 0.2980704 0.1700412 0.1741197 0.2598494 8.9999984 8.9999990 0.2041682 0.1159116 0.3047679 0.2938792 0.1818314 0.1676452 0.1953232 0.1675077 0.3127208 0.2998589 0.1943305 0.3104172 0.1746812 0.1629019 0.1685104 0.1626380 0.2998793 0.1788860 8.9999989 8.9999989 0.2963494 0.1713482 0.2914580 0.3310242 0.2995868 0.1817670 0.2029316 8.9999986 8.9999986 0.2978578 0.1931618 8.9999985 0.3216651 0.3152092 8.9999982 8.9999990 8.9999986 8.9999984 8.9999985 8.9999980 8.9999985 8.9999989 0.2694444 0.2885546 0.3550668 
Cacoecimorpha_pronubana       8.9999980 8.9999989 0.1911466 8.9999986 0.1807119 8.9999986 0.1345832 0.2917564 0.1967347 8.9999987 0.0000000 8.9999984 8.9999985 8.9999988 8.9999987 8.9999987 8.9999982 8.9999986 8.9999985 8.9999987 8.9999985 8.9999986 8.9999985 8.9999987 8.9999988 8.9999988 8.9999988 8.9999986 8.9999988 0.2051670 0.1903446 8.9999980 8.9999986 8.9999989 8.9999982 8.9999980 8.9999986 8.9999986 8.9999986 8.9999989 8.9999986 8.9999990 8.9999987 8.9999989 8.9999985 8.9999987 8.9999985 8.9999988 8.9999985 0.1532739 0.1451589 8.9999986 8.9999987 8.9999985 8.9999987 8.9999987 8.9999982 8.9999980 0.1923725 0.3673696 8.9999990 8.9999986 0.1591068 8.9999980 8.9999985 0.3060289 0.3138123 0.3207773 0.3124402 0.3158525 0.3197548 0.2594879 0.2581160 8.9999981 8.9999985 8.9999983 
Carposina_sasakii             0.3195451 0.3156865 8.9999989 0.3437750 8.9999988 0.3214475 8.9999980 8.9999986 8.9999984 0.3066280 8.9999984 0.0000000 0.3029024 0.3044406 0.3242056 0.3808536 0.3037407 0.2991924 0.2891545 0.2988116 0.2993624 0.2874218 0.2911909 0.2991291 0.2980880 0.3277198 0.2944637 0.3049160 0.3076909 8.9999988 8.9999990 0.3293291 0.3063697 0.3631533 0.3450745 0.3158893 0.3093497 0.3272860 0.2979649 0.3573870 0.3389884 0.3250697 0.3421562 0.3026775 0.3068604 0.3185133 0.2857915 0.3288121 0.3011826 8.9999989 8.9999987 0.3297552 0.2974376 0.3349339 0.3698258 0.3535468 0.3118694 0.3249027 8.9999982 8.9999988 0.3426229 0.3264730 8.9999984 0.3571938 0.3646836 8.9999990 8.9999982 8.9999986 8.9999981 8.9999985 8.9999983 8.9999986 8.9999988 0.2981061 0.3332233 0.4041458 
Celypha_sp.                   0.1739151 0.1754101 8.9999987 0.2904295 8.9999986 0.1795626 8.9999986 8.9999986 8.9999988 0.1746592 8.9999985 0.3029024 0.0000000 0.1880065 0.2810511 0.3391679 0.2967226 0.1717301 0.1614023 0.1758353 0.1796740 0.1577497 0.1610716 0.1699926 0.1749159 0.2925394 0.1730845 0.1512928 0.2575028 8.9999990 8.9999986 0.1303241 0.1657580 0.3001687 0.2932571 0.1880940 0.1543832 0.1673023 0.1496130 0.3114366 0.2973027 0.1760631 0.3094731 0.1502947 0.1460978 0.1451733 0.1189453 0.2938943 0.0901145 8.9999987 8.9999986 0.3009275 0.0748511 0.2858465 0.3236296 0.2907569 0.1620979 0.1777602 8.9999983 8.9999981 0.2892608 0.1733751 8.9999983 0.3235136 0.3058714 8.9999989 8.9999989 8.9999989 8.9999980 8.9999981 8.9999981 8.9999989 8.9999987 0.2592833 0.2805397 0.3632432 
Cerace_xanthocosma            0.1800908 0.1866036 8.9999989 0.2913471 8.9999989 0.2105451 8.9999990 8.9999988 8.9999990 0.1715533 8.9999988 0.3044406 0.1880065 0.0000000 0.2738841 0.3315345 0.2877274 0.1755853 0.1641029 0.1764576 0.1790831 0.1598504 0.1609178 0.1734496 0.1765489 0.2982389 0.1866706 0.1902447 0.2647348 8.9999986 8.9999989 0.2105152 0.1677396 0.3038881 0.2936390 0.1949354 0.1889821 0.2147915 0.1811270 0.3135240 0.2952177 0.2027973 0.3110443 0.1921854 0.1844470 0.1929443 0.1795064 0.2992918 0.1872335 8.9999990 8.9999989 0.3099162 0.1842926 0.3005950 0.3259822 0.3091358 0.1927290 0.2137768 8.9999986 8.9999986 0.3041229 0.2035307 8.9999987 0.3254353 0.3221592 8.9999983 8.9999983 8.9999989 8.9999984 8.9999988 8.9999985 8.9999984 8.9999982 0.2644378 0.2921761 0.3563763 
Chalcidica_minea              0.2894321 0.2889999 8.9999984 0.3005294 8.9999989 0.3211226 8.9999990 8.9999980 8.9999983 0.2809676 8.9999987 0.3242056 0.2810511 0.2738841 0.0000000 0.3449628 0.2877934 0.2902890 0.2708226 0.2866391 0.2818194 0.2668893 0.2715772 0.2876253 0.2734461 0.3018500 0.2809668 0.2759956 0.1751742 8.9999986 8.9999989 0.3092727 0.2834449 0.3240338 0.2951031 0.2955098 0.2788265 0.3065145 0.2746718 0.3257552 0.2888516 0.3068587 0.3064152 0.2797266 0.2737897 0.2848817 0.2749599 0.3034840 0.2754601 8.9999982 8.9999983 0.2957648 0.2787206 0.3090156 0.3370249 0.3234467 0.2840175 0.3039020 8.9999988 8.9999987 0.3042563 0.2892101 8.9999988 0.3313014 0.1867451 8.9999985 8.9999985 8.9999989 8.9999987 8.9999989 8.9999990 8.9999987 8.9999983 0.2565197 0.3028239 0.3677573 
Chibiraga_houshuaii           0.3474603 0.3449487 8.9999983 0.3538298 8.9999981 0.3709034 8.9999984 8.9999981 8.9999988 0.3383536 8.9999987 0.3808536 0.3391679 0.3315345 0.3449628 0.0000000 0.3443977 0.3360458 0.3244757 0.3379628 0.3441712 0.3204023 0.3233417 0.3365717 0.3343771 0.2830717 0.3484809 0.3431230 0.3165811 8.9999986 8.9999987 0.3649056 0.3311451 0.3691026 0.3524691 0.3492331 0.3357449 0.3764201 0.3439361 0.3779734 0.3558234 0.3723200 0.2892662 0.3352235 0.3483595 0.3473270 0.3253727 0.2845071 0.3392165 8.9999986 8.9999986 0.3443609 0.3343431 0.1944990 0.3944624 0.2039817 0.3449440 0.3565878 8.9999987 8.9999989 0.2016720 0.3555162 8.9999987 0.3814509 0.3775146 8.9999986 8.9999986 8.9999987 8.9999986 8.9999987 8.9999987 8.9999986 8.9999986 0.3287597 0.3686868 0.4334777 
Choreutis_emplecta            0.2913785 0.2939196 8.9999980 0.3143787 8.9999982 0.3248256 8.9999986 8.9999987 8.9999984 0.2868427 8.9999982 0.3037407 0.2967226 0.2877274 0.2877934 0.3443977 0.0000000 0.2828212 0.2722602 0.2827103 0.2812583 0.2691583 0.2644537 0.2823003 0.2764961 0.3083690 0.2875968 0.2825350 0.2732834 8.9999986 8.9999988 0.3335155 0.2864144 0.3332760 0.3136433 0.2996648 0.2774136 0.3112921 0.2795047 0.3307019 0.3167296 0.3103566 0.3153274 0.2836356 0.2873067 0.2905107 0.2810467 0.3104136 0.2966652 8.9999986 8.9999988 0.3085978 0.2940382 0.3005293 0.3503391 0.3097143 0.2958068 0.3013393 8.9999988 8.9999989 0.3087145 0.2977491 8.9999988 0.3382892 0.3255468 8.9999985 8.9999986 8.9999986 8.9999986 8.9999986 8.9999986 8.9999985 8.9999988 0.2701752 0.3080459 0.3693248 
Choristoneura_biennis         0.1462904 0.1515629 8.9999988 0.2944646 8.9999986 0.1962821 8.9999988 8.9999988 8.9999989 0.1140763 8.9999986 0.2991924 0.1717301 0.1755853 0.2902890 0.3360458 0.2828212 0.0000000 0.0551842 0.0289606 0.0851841 0.0608616 0.0551776 0.0224893 0.1314660 0.3022531 0.1736440 0.1701453 0.2677021 8.9999981 8.9999987 0.2012188 0.1151243 0.3095017 0.3019225 0.1798068 0.1717448 0.1963588 0.1719666 0.3125403 0.2960925 0.1936516 0.3221205 0.1721120 0.1706210 0.1667463 0.1627220 0.3042477 0.1735438 8.9999989 8.9999988 0.2948940 0.1692189 0.2924433 0.3290368 0.2987246 0.1826048 0.1945634 8.9999984 8.9999986 0.2982210 0.1910697 8.9999985 0.3204125 0.3161954 8.9999982 8.9999980 8.9999983 8.9999983 8.9999986 8.9999985 8.9999982 8.9999988 0.2654959 0.2871846 0.3604321 
Choristoneura_conflictana     0.1351183 0.1370920 8.9999988 0.2807873 8.9999985 0.1858017 8.9999988 8.9999988 8.9999988 0.1031331 8.9999985 0.2891545 0.1614023 0.1641029 0.2708226 0.3244757 0.2722602 0.0551842 0.0000000 0.0607207 0.0740726 0.0474005 0.0410604 0.0529711 0.1188395 0.2899565 0.1618064 0.1613196 0.2506274 8.9999989 8.9999987 0.1885121 0.1038870 0.2924102 0.2832648 0.1696232 0.1607168 0.1865840 0.1546921 0.3015166 0.2780413 0.1799747 0.3051450 0.1606955 0.1529389 0.1572916 0.1497783 0.2926078 0.1620004 8.9999988 8.9999987 0.2836649 0.1569188 0.2816887 0.3149146 0.2919562 0.1690622 0.1817971 8.9999984 8.9999986 0.2849257 0.1789015 8.9999985 0.3041215 0.3068275 8.9999981 8.9999981 8.9999982 8.9999983 8.9999985 8.9999983 8.9999981 8.9999988 0.2517025 0.2716265 0.3406838 
Choristoneura_fumiferana      0.1474956 0.1511577 8.9999989 0.2903292 8.9999988 0.1990761 8.9999988 8.9999989 8.9999981 0.1139032 8.9999987 0.2988116 0.1758353 0.1764576 0.2866391 0.3379628 0.2827103 0.0289606 0.0607207 0.0000000 0.0874945 0.0617510 0.0604964 0.0275596 0.1338370 0.3026630 0.1732460 0.1682329 0.2661927 8.9999984 8.9999989 0.2034624 0.1148795 0.3100703 0.2977470 0.1807234 0.1727777 0.1977479 0.1749758 0.3110875 0.2936560 0.1928384 0.3221073 0.1723773 0.1668169 0.1662556 0.1609957 0.3049085 0.1754607 8.9999989 8.9999989 0.2915352 0.1681299 0.2922211 0.3302350 0.2942770 0.1813573 0.1946944 8.9999985 8.9999986 0.2991700 0.1912315 8.9999987 0.3190579 0.3169179 8.9999985 8.9999985 8.9999983 8.9999988 8.9999990 8.9999988 8.9999984 8.9999990 0.2681150 0.2867245 0.3565394 
Choristoneura_longicellana    0.1481857 0.1549123 8.9999987 0.2938468 8.9999986 0.2004735 8.9999987 8.9999988 8.9999988 0.1182787 8.9999985 0.2993624 0.1796740 0.1790831 0.2818194 0.3441712 0.2812583 0.0851841 0.0740726 0.0874945 0.0000000 0.0701023 0.0714229 0.0825895 0.1334801 0.3013892 0.1734306 0.1772013 0.2663963 8.9999980 8.9999987 0.2050776 0.1201532 0.3068395 0.2986674 0.1817193 0.1795126 0.2020950 0.1770278 0.3127064 0.2979093 0.1967808 0.3162280 0.1813574 0.1723375 0.1766814 0.1708855 0.3036291 0.1813640 8.9999988 8.9999987 0.2981381 0.1777108 0.3032177 0.3234713 0.3094662 0.1913654 0.2045470 8.9999983 8.9999986 0.3035980 0.1934659 8.9999984 0.3155150 0.3117542 8.9999982 8.9999980 8.9999980 8.9999983 8.9999985 8.9999985 8.9999984 8.9999988 0.2658507 0.2879124 0.3590731 
Choristoneura_metasequoiacola 0.1296263 0.1327588 8.9999989 0.2743627 8.9999987 0.1844982 8.9999989 8.9999989 8.9999989 0.0983664 8.9999986 0.2874218 0.1577497 0.1598504 0.2668893 0.3204023 0.2691583 0.0608616 0.0474005 0.0617510 0.0701023 0.0000000 0.0180596 0.0591246 0.1150122 0.2843792 0.1592680 0.1572198 0.2475401 8.9999981 8.9999988 0.1904899 0.0995040 0.2944605 0.2853800 0.1719722 0.1561041 0.1808066 0.1489533 0.2956472 0.2761636 0.1755995 0.3019263 0.1607715 0.1487161 0.1534885 0.1457961 0.2872917 0.1600922 8.9999989 8.9999988 0.2766949 0.1528104 0.2752714 0.3137541 0.2831806 0.1746063 0.1787467 8.9999985 8.9999986 0.2820032 0.1764086 8.9999986 0.3000401 0.3000932 8.9999983 8.9999981 8.9999986 8.9999985 8.9999986 8.9999984 8.9999983 8.9999989 0.2429096 0.2727815 0.3425503 
Choristoneura_murinana        0.1338239 0.1350619 8.9999987 0.2774457 8.9999985 0.1857011 8.9999988 8.9999987 8.9999988 0.1004484 8.9999985 0.2911909 0.1610716 0.1609178 0.2715772 0.3233417 0.2644537 0.0551776 0.0410604 0.0604964 0.0714229 0.0180596 0.0000000 0.0536184 0.1188516 0.2893789 0.1625139 0.1599361 0.2511678 8.9999990 8.9999987 0.1903348 0.1019026 0.2990531 0.2853769 0.1714102 0.1590444 0.1838062 0.1519396 0.3008908 0.2803912 0.1841763 0.3068830 0.1626302 0.1520046 0.1527339 0.1503149 0.2918831 0.1635122 8.9999987 8.9999987 0.2776198 0.1572267 0.2788044 0.3141649 0.2908957 0.1757874 0.1850456 8.9999983 8.9999986 0.2867034 0.1778981 8.9999984 0.3065636 0.3025351 8.9999990 8.9999989 8.9999987 8.9999981 8.9999983 8.9999980 8.9999990 8.9999988 0.2511836 0.2723991 0.3448582 
Choristoneura_pinus           0.1446643 0.1492126 8.9999988 0.2903372 8.9999988 0.1941288 8.9999989 8.9999990 8.9999980 0.1120041 8.9999987 0.2991291 0.1699926 0.1734496 0.2876253 0.3365717 0.2823003 0.0224893 0.0529711 0.0275596 0.0825895 0.0591246 0.0536184 0.0000000 0.1285344 0.3030566 0.1701672 0.1677162 0.2660137 8.9999983 8.9999988 0.1995172 0.1121049 0.3064202 0.3028062 0.1774828 0.1697134 0.1940932 0.1697926 0.3130641 0.2922532 0.1910094 0.3217473 0.1696997 0.1666550 0.1647793 0.1617477 0.3050557 0.1695105 8.9999980 8.9999989 0.2940964 0.1669776 0.2904057 0.3284649 0.2973373 0.1782045 0.1918426 8.9999985 8.9999986 0.2968546 0.1904233 8.9999986 0.3214564 0.3176900 8.9999985 8.9999984 8.9999990 8.9999986 8.9999989 8.9999988 8.9999985 8.9999990 0.2637794 0.2890073 0.3587214 
Clepsis_pallidana             0.1434167 0.1501661 8.9999989 0.2857874 8.9999987 0.1943167 8.9999980 8.9999989 8.9999981 0.1323319 8.9999988 0.2980880 0.1749159 0.1765489 0.2734461 0.3343771 0.2764961 0.1314660 0.1188395 0.1338370 0.1334801 0.1150122 0.1188516 0.1285344 0.0000000 0.2917886 0.1736860 0.1813691 0.2602447 8.9999985 8.9999989 0.1950067 0.1117869 0.3047346 0.2937143 0.1870238 0.1763458 0.1969755 0.1755711 0.3099630 0.2906581 0.1954422 0.3117049 0.1754217 0.1717874 0.1784638 0.1684726 0.2936468 0.1733624 8.9999982 8.9999990 0.2913201 0.1691258 0.2881734 0.3229977 0.2997905 0.1861786 0.2008849 8.9999986 8.9999986 0.2917410 0.1917346 8.9999987 0.3144665 0.3119966 8.9999983 8.9999985 8.9999984 8.9999985 8.9999986 8.9999987 8.9999986 8.9999990 0.2674266 0.2822229 0.3430735 
Cnidocampa_flavescens         0.3142308 0.3086458 8.9999980 0.3064730 8.9999981 0.3213396 8.9999986 8.9999987 8.9999982 0.2980704 8.9999988 0.3277198 0.2925394 0.2982389 0.3018500 0.2830717 0.3083690 0.3022531 0.2899565 0.3026630 0.3013892 0.2843792 0.2893789 0.3030566 0.2917886 0.0000000 0.2953007 0.2993585 0.2769178 8.9999986 8.9999990 0.3143017 0.2946513 0.3131001 0.3067057 0.3120084 0.2958872 0.3141831 0.2955626 0.3201334 0.2983263 0.3165128 0.1961213 0.2856951 0.2977019 0.2933158 0.2732498 0.0022775 0.2880501 8.9999985 8.9999990 0.2998841 0.2897738 0.2343501 0.3327273 0.2486335 0.3080515 0.3225235 8.9999988 8.9999990 0.2324057 0.3064150 8.9999989 0.3417749 0.3398482 8.9999986 8.9999986 8.9999988 8.9999987 8.9999986 8.9999987 8.9999986 8.9999983 0.2777971 0.3149958 0.3813303 
Cochylimorpha_cultana         0.1753477 0.1818413 8.9999981 0.3008469 8.9999988 0.2034463 8.9999989 8.9999989 8.9999982 0.1700412 8.9999988 0.2944637 0.1730845 0.1866706 0.2809668 0.3484809 0.2875968 0.1736440 0.1618064 0.1732460 0.1734306 0.1592680 0.1625139 0.1701672 0.1736860 0.2953007 0.0000000 0.1846560 0.2599355 8.9999988 8.9999982 0.2082966 0.1648850 0.3192783 0.3098884 0.1315071 0.1806789 0.2048997 0.1774538 0.3261434 0.2973035 0.1973515 0.3152432 0.1806352 0.1751775 0.1860550 0.1730663 0.2967523 0.1761007 8.9999981 8.9999989 0.3075538 0.1754117 0.2962633 0.3301265 0.3025376 0.1890616 0.1989898 8.9999987 8.9999987 0.3007966 0.2003722 8.9999988 0.3223736 0.3186816 8.9999984 8.9999983 8.9999986 8.9999986 8.9999988 8.9999988 8.9999987 8.9999990 0.2687225 0.2864445 0.3671088 
Cydia_pomonella               0.1759763 0.1844956 8.9999988 0.3008566 8.9999986 0.1873627 8.9999988 8.9999987 8.9999989 0.1741197 8.9999986 0.3049160 0.1512928 0.1902447 0.2759956 0.3431230 0.2825350 0.1701453 0.1613196 0.1682329 0.1772013 0.1572198 0.1599361 0.1677162 0.1813691 0.2993585 0.1846560 0.0000000 0.2647945 8.9999981 8.9999987 0.1823176 0.1627320 0.3143804 0.2925788 0.1918796 0.1282731 0.1559788 0.1174731 0.3102319 0.3095871 0.1780388 0.3132989 0.1213722 0.1489279 0.1269812 0.1447760 0.3015436 0.1515635 8.9999989 8.9999988 0.2956867 0.1508963 0.2985584 0.3310126 0.3086118 0.1512326 0.1599618 8.9999984 8.9999986 0.3064523 0.1733718 8.9999986 0.3290234 0.3045803 8.9999989 8.9999989 8.9999987 8.9999981 8.9999981 8.9999983 8.9999981 8.9999988 0.2618744 0.2870916 0.3629852 
Endoxyla_cinereus             0.2690490 0.2714038 8.9999990 0.2797224 8.9999989 0.2948388 8.9999989 8.9999989 8.9999983 0.2598494 8.9999988 0.3076909 0.2575028 0.2647348 0.1751742 0.3165811 0.2732834 0.2677021 0.2506274 0.2661927 0.2663963 0.2475401 0.2511678 0.2660137 0.2602447 0.2769178 0.2599355 0.2647945 0.0000000 8.9999987 8.9999990 0.2968300 0.2585777 0.3031873 0.2786532 0.2735996 0.2592870 0.2943349 0.2611882 0.3027109 0.2696820 0.2879347 0.2777533 0.2658221 0.2577219 0.2683612 0.2482142 0.2787353 0.2610382 8.9999982 8.9999982 0.2808783 0.2629311 0.2767612 0.3173414 0.2938801 0.2671138 0.2860344 8.9999987 8.9999986 0.2810745 0.2727544 8.9999987 0.3073461 0.2147489 8.9999985 8.9999984 8.9999980 8.9999986 8.9999989 8.9999990 8.9999984 8.9999981 0.2271527 0.2869869 0.3367691 
Epinotia_brunnichana          8.9999988 8.9999987 0.2091581 8.9999989 0.1891756 8.9999982 0.2135494 0.3147198 0.1793409 8.9999984 0.2051670 8.9999988 8.9999990 8.9999986 8.9999986 8.9999986 8.9999986 8.9999981 8.9999989 8.9999984 8.9999980 8.9999981 8.9999990 8.9999983 8.9999985 8.9999986 8.9999988 8.9999981 8.9999987 0.0000000 0.1072083 8.9999988 8.9999982 8.9999987 8.9999989 8.9999987 8.9999983 8.9999982 8.9999981 8.9999986 8.9999988 8.9999988 8.9999986 8.9999985 8.9999988 8.9999982 8.9999990 8.9999986 8.9999989 0.2161061 0.2063441 8.9999987 8.9999983 8.9999986 8.9999986 8.9999980 8.9999987 8.9999988 0.1634819 0.3858358 8.9999982 8.9999983 0.1917663 8.9999986 8.9999987 0.3381593 0.3406674 0.3465297 0.3443349 0.3426510 0.3449052 0.2927882 0.2828372 8.9999984 8.9999985 8.9999986 
Epinotia_demarniana           8.9999983 8.9999981 0.1903307 8.9999987 0.1700779 8.9999986 0.1984578 0.2924308 0.1668031 8.9999990 0.1903446 8.9999990 8.9999986 8.9999989 8.9999989 8.9999987 8.9999988 8.9999987 8.9999987 8.9999989 8.9999987 8.9999988 8.9999987 8.9999988 8.9999989 8.9999990 8.9999982 8.9999987 8.9999990 0.1072083 0.0000000 8.9999983 8.9999988 8.9999987 8.9999986 8.9999982 8.9999988 8.9999986 8.9999988 8.9999988 8.9999981 8.9999983 8.9999987 8.9999980 8.9999987 8.9999989 8.9999986 8.9999981 8.9999986 0.2050038 0.1947690 8.9999988 8.9999988 8.9999990 8.9999988 8.9999984 8.9999981 8.9999983 0.1452007 0.3728029 8.9999983 8.9999988 0.1712535 8.9999984 8.9999986 0.3158180 0.3197201 0.3323259 0.3241117 0.3265715 0.3281824 0.2703176 0.2685316 8.9999986 8.9999988 8.9999984 
Epinotia_rubiginosana         0.2045093 0.2092194 8.9999988 0.3222814 8.9999982 0.2078330 8.9999984 8.9999981 8.9999987 0.2041682 8.9999980 0.3293291 0.1303241 0.2105152 0.3092727 0.3649056 0.3335155 0.2012188 0.1885121 0.2034624 0.2050776 0.1904899 0.1903348 0.1995172 0.1950067 0.3143017 0.2082966 0.1823176 0.2968300 8.9999988 8.9999983 0.0000000 0.1926351 0.3340604 0.3249337 0.2206372 0.1877275 0.1951990 0.1771281 0.3363466 0.3244097 0.1943468 0.3348438 0.1804030 0.1777309 0.1821003 0.1492952 0.3163842 0.1388296 8.9999985 8.9999985 0.3260089 0.1329827 0.3156027 0.3511900 0.3191277 0.1885637 0.2036019 8.9999988 8.9999988 0.3212889 0.2024662 8.9999989 0.3545324 0.3351275 8.9999989 8.9999982 8.9999981 8.9999985 8.9999985 8.9999986 8.9999982 8.9999986 0.2941781 0.3123167 0.3988811 
Epiphyas_postvittana          0.1284467 0.1360648 8.9999988 0.2852079 8.9999986 0.1963222 8.9999989 8.9999989 8.9999990 0.1159116 8.9999986 0.3063697 0.1657580 0.1677396 0.2834449 0.3311451 0.2864144 0.1151243 0.1038870 0.1148795 0.1201532 0.0995040 0.1019026 0.1121049 0.1117869 0.2946513 0.1648850 0.1627320 0.2585777 8.9999982 8.9999988 0.1926351 0.0000000 0.2991509 0.2833874 0.1821665 0.1610015 0.1890710 0.1626437 0.2993233 0.2925732 0.1802893 0.3128620 0.1638396 0.1547973 0.1582743 0.1554561 0.2966419 0.1665575 8.9999988 8.9999988 0.2997515 0.1615666 0.2896028 0.3211826 0.2980428 0.1734811 0.1862554 8.9999985 8.9999986 0.2986857 0.1872131 8.9999985 0.3133060 0.3133831 8.9999989 8.9999988 8.9999986 8.9999981 8.9999982 8.9999981 8.9999983 8.9999989 0.2628179 0.2881632 0.3532782 
Erasmia_pulchella             0.3118716 0.3145782 8.9999986 0.1043845 8.9999986 0.3273484 8.9999988 8.9999986 8.9999986 0.3047679 8.9999989 0.3631533 0.3001687 0.3038881 0.3240338 0.3691026 0.3332760 0.3095017 0.2924102 0.3100703 0.3068395 0.2944605 0.2990531 0.3064202 0.3047346 0.3131001 0.3192783 0.3143804 0.3031873 8.9999987 8.9999987 0.3340604 0.2991509 0.0000000 0.1345919 0.3298925 0.3087543 0.3286801 0.3032226 0.1487735 0.2731938 0.3247759 0.3247325 0.3097948 0.3102029 0.3143921 0.2943011 0.3141207 0.3083354 8.9999986 8.9999986 0.3235831 0.3053500 0.3318482 0.1696363 0.3462604 0.3006324 0.3207710 8.9999989 8.9999990 0.3346906 0.3217127 8.9999985 0.3509564 0.3465057 8.9999986 8.9999987 8.9999988 8.9999987 8.9999987 8.9999987 8.9999987 8.9999986 0.3094998 0.3319087 0.4017265 
Eterusia_aedea                0.3027494 0.3001318 8.9999988 0.1207798 8.9999984 0.3238764 8.9999987 8.9999988 8.9999989 0.2938792 8.9999982 0.3450745 0.2932571 0.2936390 0.2951031 0.3524691 0.3136433 0.3019225 0.2832648 0.2977470 0.2986674 0.2853800 0.2853769 0.3028062 0.2937143 0.3067057 0.3098884 0.2925788 0.2786532 8.9999989 8.9999986 0.3249337 0.2833874 0.1345919 0.0000000 0.3093136 0.2921036 0.3219123 0.2959212 0.1104927 0.2458617 0.3142151 0.3110755 0.2982807 0.2965554 0.2987384 0.2824623 0.3080847 0.2924804 8.9999988 8.9999980 0.3010434 0.2910306 0.3148200 0.1577815 0.3195538 0.2911053 0.3059427 8.9999987 8.9999989 0.3162101 0.3045088 8.9999984 0.3416346 0.3367368 8.9999987 8.9999988 8.9999987 8.9999986 8.9999986 8.9999986 8.9999986 8.9999987 0.2931516 0.3159648 0.3918107 
Eugnosta_dives                0.1895732 0.1927183 8.9999982 0.3076439 8.9999983 0.2141806 8.9999980 8.9999990 8.9999986 0.1818314 8.9999980 0.3158893 0.1880940 0.1949354 0.2955098 0.3492331 0.2996648 0.1798068 0.1696232 0.1807234 0.1817193 0.1719722 0.1714102 0.1774828 0.1870238 0.3120084 0.1315071 0.1918796 0.2735996 8.9999987 8.9999982 0.2206372 0.1821665 0.3298925 0.3093136 0.0000000 0.1895969 0.2092652 0.1850238 0.3219610 0.3109478 0.2057104 0.3217837 0.1950186 0.1833666 0.1950117 0.1846704 0.3133547 0.1894477 8.9999986 8.9999985 0.3098904 0.1874017 0.3003279 0.3360185 0.3184259 0.2021933 0.2157929 8.9999988 8.9999987 0.3119652 0.2089025 8.9999980 0.3326166 0.3221280 8.9999987 8.9999987 8.9999986 8.9999989 8.9999984 8.9999983 8.9999989 8.9999981 0.2668045 0.3024983 0.3824216 
Grapholita_delineana          0.1738764 0.1787189 8.9999988 0.2933362 8.9999987 0.1792016 8.9999989 8.9999988 8.9999990 0.1676452 8.9999986 0.3093497 0.1543832 0.1889821 0.2788265 0.3357449 0.2774136 0.1717448 0.1607168 0.1727777 0.1795126 0.1561041 0.1590444 0.1697134 0.1763458 0.2958872 0.1806789 0.1282731 0.2592870 8.9999983 8.9999988 0.1877275 0.1610015 0.3087543 0.2921036 0.1895969 0.0000000 0.1613240 0.1251341 0.3133999 0.2995937 0.1777453 0.3093688 0.1356533 0.1393348 0.1330287 0.1458431 0.2967015 0.1552670 8.9999990 8.9999989 0.2948428 0.1544781 0.2867006 0.3177685 0.2961815 0.1528828 0.1677498 8.9999986 8.9999986 0.3020726 0.1715251 8.9999986 0.3302431 0.3114924 8.9999980 8.9999981 8.9999988 8.9999983 8.9999985 8.9999982 8.9999983 8.9999988 0.2572983 0.2862144 0.3598391 
Grapholita_funebrana          0.1972687 0.2008384 8.9999985 0.3221636 8.9999982 0.1927127 8.9999982 8.9999983 8.9999990 0.1953232 8.9999986 0.3272860 0.1673023 0.2147915 0.3065145 0.3764201 0.3112921 0.1963588 0.1865840 0.1977479 0.2020950 0.1808066 0.1838062 0.1940932 0.1969755 0.3141831 0.2048997 0.1559788 0.2943349 8.9999982 8.9999986 0.1951990 0.1890710 0.3286801 0.3219123 0.2092652 0.1613240 0.0000000 0.1382916 0.3326384 0.3273109 0.2026087 0.3426563 0.1519033 0.1711238 0.1543663 0.1673441 0.3156889 0.1663879 8.9999982 8.9999990 0.3250519 0.1735220 0.3264575 0.3512146 0.3303177 0.1714592 0.1889194 8.9999980 8.9999988 0.3341129 0.1979235 8.9999982 0.3483085 0.3237381 8.9999982 8.9999982 8.9999987 8.9999986 8.9999989 8.9999987 8.9999985 8.9999986 0.2903373 0.3100851 0.3856263 
Grapholita_molesta            0.1756078 0.1741611 8.9999988 0.2918120 8.9999987 0.1788144 8.9999989 8.9999988 8.9999989 0.1675077 8.9999986 0.2979649 0.1496130 0.1811270 0.2746718 0.3439361 0.2795047 0.1719666 0.1546921 0.1749758 0.1770278 0.1489533 0.1519396 0.1697926 0.1755711 0.2955626 0.1774538 0.1174731 0.2611882 8.9999981 8.9999988 0.1771281 0.1626437 0.3032226 0.2959212 0.1850238 0.1251341 0.1382916 0.0000000 0.3094181 0.2926072 0.1807821 0.3100130 0.1238425 0.1388929 0.1195747 0.1440224 0.2978602 0.1507215 8.9999981 8.9999990 0.2873042 0.1498446 0.2975979 0.3284244 0.3031622 0.1482201 0.1629378 8.9999984 8.9999986 0.2989817 0.1690591 8.9999985 0.3153017 0.3028565 8.9999990 8.9999990 8.9999987 8.9999982 8.9999982 8.9999990 8.9999984 8.9999987 0.2543061 0.2785281 0.3588944 
Histia_rhodope                0.3156589 0.3207759 8.9999983 0.1329608 8.9999983 0.3326680 8.9999988 8.9999984 8.9999988 0.3127208 8.9999989 0.3573870 0.3114366 0.3135240 0.3257552 0.3779734 0.3307019 0.3125403 0.3015166 0.3110875 0.3127064 0.2956472 0.3008908 0.3130641 0.3099630 0.3201334 0.3261434 0.3102319 0.3027109 8.9999986 8.9999988 0.3363466 0.2993233 0.1487735 0.1104927 0.3219610 0.3133999 0.3326384 0.3094181 0.0000000 0.2625406 0.3315409 0.3299368 0.3103438 0.3162295 0.3113768 0.2968024 0.3221022 0.3099783 8.9999986 8.9999981 0.3126765 0.3077359 0.3337237 0.1734190 0.3459950 0.3071332 0.3185078 8.9999985 8.9999989 0.3341267 0.3235989 8.9999989 0.3597391 0.3575073 8.9999986 8.9999986 8.9999987 8.9999987 8.9999987 8.9999987 8.9999986 8.9999986 0.3128214 0.3373397 0.4053588 
Illiberis_pruni               0.3031061 0.3010700 8.9999989 0.2506827 8.9999989 0.3382151 8.9999986 8.9999989 8.9999981 0.2998589 8.9999986 0.3389884 0.2973027 0.2952177 0.2888516 0.3558234 0.3167296 0.2960925 0.2780413 0.2936560 0.2979093 0.2761636 0.2803912 0.2922532 0.2906581 0.2983263 0.2973035 0.3095871 0.2696820 8.9999988 8.9999981 0.3244097 0.2925732 0.2731938 0.2458617 0.3109478 0.2995937 0.3273109 0.2926072 0.2625406 0.0000000 0.3276779 0.3082687 0.3031705 0.2954367 0.3011714 0.2858948 0.3012338 0.2966139 8.9999982 8.9999982 0.2621093 0.2962755 0.3012033 0.2854268 0.3056440 0.3034421 0.3180833 8.9999986 8.9999988 0.2930621 0.3084583 8.9999985 0.3315222 0.3428227 8.9999989 8.9999989 8.9999986 8.9999987 8.9999984 8.9999988 8.9999986 8.9999989 0.2840169 0.3254367 0.3828543 
Kennelia_xylinana             0.1965942 0.1968470 8.9999987 0.3158147 8.9999990 0.1936889 8.9999986 8.9999982 8.9999985 0.1943305 8.9999990 0.3250697 0.1760631 0.2027973 0.3068587 0.3723200 0.3103566 0.1936516 0.1799747 0.1928384 0.1967808 0.1755995 0.1841763 0.1910094 0.1954422 0.3165128 0.1973515 0.1780388 0.2879347 8.9999988 8.9999983 0.1943468 0.1802893 0.3247759 0.3142151 0.2057104 0.1777453 0.2026087 0.1807821 0.3315409 0.3276779 0.0000000 0.3346495 0.1721421 0.1695375 0.1795995 0.1690490 0.3179931 0.1777274 8.9999984 8.9999983 0.3238486 0.1724508 0.3219680 0.3466106 0.3256267 0.1802575 0.2033379 8.9999987 8.9999987 0.3329623 0.1937457 8.9999988 0.3572752 0.3296569 8.9999989 8.9999988 8.9999989 8.9999981 8.9999987 8.9999983 8.9999983 8.9999983 0.2944194 0.2946335 0.3851079 
Latoia_hilarata               0.3253842 0.3251306 8.9999988 0.3124141 8.9999982 0.3288179 8.9999990 8.9999988 8.9999987 0.3104172 8.9999987 0.3421562 0.3094731 0.3110443 0.3064152 0.2892662 0.3153274 0.3221205 0.3051450 0.3221073 0.3162280 0.3019263 0.3068830 0.3217473 0.3117049 0.1961213 0.3152432 0.3132989 0.2777533 8.9999986 8.9999987 0.3348438 0.3128620 0.3247325 0.3110755 0.3217837 0.3093688 0.3426563 0.3100130 0.3299368 0.3082687 0.3346495 0.0000000 0.3093678 0.3137841 0.3157425 0.3008918 0.1968411 0.3038217 8.9999989 8.9999988 0.3117920 0.3069200 0.2513828 0.3393609 0.2551220 0.3193768 0.3336051 8.9999986 8.9999989 0.2454962 0.3186864 8.9999987 0.3535015 0.3331481 8.9999983 8.9999980 8.9999987 8.9999983 8.9999986 8.9999986 8.9999989 8.9999985 0.2939925 0.3363811 0.4093148 
Leguminivora_glycinivorella   0.1798466 0.1775375 8.9999990 0.2951184 8.9999988 0.1799496 8.9999990 8.9999988 8.9999980 0.1746812 8.9999989 0.3026775 0.1502947 0.1921854 0.2797266 0.3352235 0.2836356 0.1721120 0.1606955 0.1723773 0.1813574 0.1607715 0.1626302 0.1696997 0.1754217 0.2856951 0.1806352 0.1213722 0.2658221 8.9999985 8.9999980 0.1804030 0.1638396 0.3097948 0.2982807 0.1950186 0.1356533 0.1519033 0.1238425 0.3103438 0.3031705 0.1721421 0.3093678 0.0000000 0.1407762 0.1301243 0.1433379 0.2874344 0.1502868 8.9999990 8.9999980 0.2938341 0.1476462 0.2933764 0.3259604 0.3051750 0.1544561 0.1688371 8.9999986 8.9999986 0.2959698 0.1711035 8.9999987 0.3130085 0.3094872 8.9999983 8.9999983 8.9999982 8.9999983 8.9999985 8.9999987 8.9999982 8.9999989 0.2603518 0.2887956 0.3670922 
Loboschiza_koenigiana         0.1705477 0.1729181 8.9999988 0.2935872 8.9999986 0.1756840 8.9999988 8.9999986 8.9999989 0.1629019 8.9999985 0.3068604 0.1460978 0.1844470 0.2737897 0.3483595 0.2873067 0.1706210 0.1529389 0.1668169 0.1723375 0.1487161 0.1520046 0.1666550 0.1717874 0.2977019 0.1751775 0.1489279 0.2577219 8.9999988 8.9999987 0.1777309 0.1547973 0.3102029 0.2965554 0.1833666 0.1393348 0.1711238 0.1388929 0.3162295 0.2954367 0.1695375 0.3137841 0.1407762 0.0000000 0.1425341 0.1378292 0.2996973 0.1476524 8.9999988 8.9999988 0.2867195 0.1439206 0.2942116 0.3237189 0.2963839 0.1562397 0.1718092 8.9999984 8.9999986 0.2964203 0.1704435 8.9999985 0.3244032 0.3088199 8.9999989 8.9999990 8.9999988 8.9999989 8.9999981 8.9999981 8.9999990 8.9999988 0.2561191 0.2827504 0.3476330 
Matsumuraeses_phaseoli        0.1709393 0.1764257 8.9999988 0.2927553 8.9999986 0.1844017 8.9999989 8.9999987 8.9999989 0.1685104 8.9999987 0.3185133 0.1451733 0.1929443 0.2848817 0.3473270 0.2905107 0.1667463 0.1572916 0.1662556 0.1766814 0.1534885 0.1527339 0.1647793 0.1784638 0.2933158 0.1860550 0.1269812 0.2683612 8.9999982 8.9999989 0.1821003 0.1582743 0.3143921 0.2987384 0.1950117 0.1330287 0.1543663 0.1195747 0.3113768 0.3011714 0.1795995 0.3157425 0.1301243 0.1425341 0.0000000 0.1441647 0.2950564 0.1467776 8.9999989 8.9999990 0.3025119 0.1446822 0.3037893 0.3381689 0.3110992 0.1536930 0.1673248 8.9999985 8.9999986 0.3087925 0.1741029 8.9999985 0.3299838 0.3075588 8.9999990 8.9999989 8.9999986 8.9999982 8.9999983 8.9999982 8.9999982 8.9999988 0.2694786 0.2954997 0.3707415 
Meiligma_sp.                  0.1628389 0.1697604 8.9999987 0.2803787 8.9999986 0.1739313 8.9999987 8.9999986 8.9999988 0.1626380 8.9999985 0.2857915 0.1189453 0.1795064 0.2749599 0.3253727 0.2810467 0.1627220 0.1497783 0.1609957 0.1708855 0.1457961 0.1503149 0.1617477 0.1684726 0.2732498 0.1730663 0.1447760 0.2482142 8.9999990 8.9999986 0.1492952 0.1554561 0.2943011 0.2824623 0.1846704 0.1458431 0.1673441 0.1440224 0.2968024 0.2858948 0.1690490 0.3008918 0.1433379 0.1378292 0.1441647 0.0000000 0.2754159 0.1216213 8.9999988 8.9999987 0.2831401 0.1183926 0.2785333 0.3171755 0.2850779 0.1579565 0.1733149 8.9999984 8.9999986 0.2825872 0.1628544 8.9999984 0.3135896 0.3064085 8.9999989 8.9999990 8.9999987 8.9999990 8.9999981 8.9999983 8.9999980 8.9999987 0.2590631 0.2723730 0.3482403 
Monema_flavescens             0.3167552 0.3112169 8.9999982 0.3073930 8.9999982 0.3226654 8.9999986 8.9999988 8.9999983 0.2998793 8.9999988 0.3288121 0.2938943 0.2992918 0.3034840 0.2845071 0.3104136 0.3042477 0.2926078 0.3049085 0.3036291 0.2872917 0.2918831 0.3050557 0.2936468 0.0022775 0.2967523 0.3015436 0.2787353 8.9999986 8.9999981 0.3163842 0.2966419 0.3141207 0.3080847 0.3133547 0.2967015 0.3156889 0.2978602 0.3221022 0.3012338 0.3179931 0.1968411 0.2874344 0.2996973 0.2950564 0.2754159 0.0000000 0.2895896 8.9999985 8.9999990 0.3006699 0.2916143 0.2359168 0.3337856 0.2497389 0.3094117 0.3241321 8.9999988 8.9999990 0.2342183 0.3077922 8.9999989 0.3429426 0.3405454 8.9999986 8.9999986 8.9999988 8.9999987 8.9999987 8.9999987 8.9999986 8.9999985 0.2798590 0.3167517 0.3832109 
Olethreutes_sp.               0.1731177 0.1793447 8.9999987 0.2954372 8.9999985 0.1795130 8.9999988 8.9999986 8.9999989 0.1788860 8.9999985 0.3011826 0.0901145 0.1872335 0.2754601 0.3392165 0.2966652 0.1735438 0.1620004 0.1754607 0.1813640 0.1600922 0.1635122 0.1695105 0.1733624 0.2880501 0.1761007 0.1515635 0.2610382 8.9999989 8.9999986 0.1388296 0.1665575 0.3083354 0.2924804 0.1894477 0.1552670 0.1663879 0.1507215 0.3099783 0.2966139 0.1777274 0.3038217 0.1502868 0.1476524 0.1467776 0.1216213 0.2895896 0.0000000 8.9999988 8.9999987 0.2923567 0.0899986 0.2879385 0.3262238 0.2939940 0.1574274 0.1747116 8.9999983 8.9999990 0.2921027 0.1759931 8.9999983 0.3278306 0.3075290 8.9999989 8.9999989 8.9999988 8.9999980 8.9999982 8.9999981 8.9999989 8.9999987 0.2576600 0.2846270 0.3627273 
Pandemis_cinnamomeana         8.9999985 8.9999984 0.1980751 8.9999980 0.1917517 8.9999982 0.1529474 0.3037287 0.2113047 8.9999989 0.1532739 8.9999989 8.9999987 8.9999990 8.9999982 8.9999986 8.9999986 8.9999989 8.9999988 8.9999989 8.9999988 8.9999989 8.9999987 8.9999980 8.9999982 8.9999985 8.9999981 8.9999989 8.9999982 0.2161061 0.2050038 8.9999985 8.9999988 8.9999986 8.9999988 8.9999986 8.9999990 8.9999982 8.9999981 8.9999986 8.9999982 8.9999984 8.9999989 8.9999990 8.9999988 8.9999989 8.9999988 8.9999985 8.9999988 0.0000000 0.0839882 8.9999986 8.9999990 8.9999985 8.9999981 8.9999981 8.9999986 8.9999984 0.2093973 0.3865921 8.9999987 8.9999989 0.1716742 8.9999984 8.9999986 0.3322436 0.3301426 0.3474737 0.3386833 0.3365003 0.3479334 0.2876208 0.2768447 8.9999982 8.9999985 8.9999982 
